1837
3245
3711
4115
4585
4647
5469
7667
8119
9141
9158
9249
9696
10030
10430
11435
13820
15559
19030
19780
21482
21753
21790
22629
23411
23512
23522
23761
26395
28606
33194
33486
33626
34500
35590
43581
44551
45063
45951
46779
47902
48962
50948
51257
51326
51844
51847
52510
52901
53171
53666
54821
56677
58060
58293
58853
59498
61420
63556
65783
66543
67696
69134
71947
72086
72104
76636
76872
80095
81065
81283
82067
84443
84639
86289
88287
91759
91762
93527
94742
94900
96537
96621
97812
98094
99913
100875
103095
103221
104585
105036
105261
106818
107962
108004
109757
110389
110541
111373
112873
113388
113950
114263
117404
118003
118175
118967
120150
121182
122189
123990
124155
125460
126562
128363
128906
129018
129593
131237
133731
135507
137401
137814
138456
141875
146197
146228
148136
148226
151122
154405
154531
155739
156429
158827
160366
164972
168215
168563
171102
171468
171521
171775
171954
172602
176986
179171
180033
181748
183509
183586
183930
183950
186670
188544
189018
189091
189996
192165
193161
193828
196333
197986
200891
201539
201544
201790
201919
205424
206335
206526
210921
211031
212996
213000
214232
217700
220304
222221
223719
225948
229767
229919
231950
232728
233374
233417
233867
238209
238420
238931
240880
242921
243296
246472
246956
248406
249155
250999
253707
254982
257570
264817
266171
267227
268613
268741
270132
271102
271130
271503
271715
272428
275843
277203
277580
279228
280478
281441
281623
282591
283238
283823
285962
286836
287023
287636
288513
288543
289267
291084
292491
293734
293878
294023
295915
296324
296430
296747
296921
297276
297688
298202
299962
300914
301812
302842
302985
303093
303963
306600
312672
313192
315228
315944
316290
316495
316749
316787
318703
318863
320484
323678
323898
324788
325446
325463
326865
326906
328162
329050
329478
329699
330947
336723
337473
339452
339891
339951
340551
340978
341034
342589
343017
343279
343959
346115
347501
348806
349397
351061
351213
353706
354181
354341
355933
356952
357127
357154
357478
358269
358652
359646
364522
365585
366277
368981
369832
370245
371711
371975
372136
373045
375132
375606
376569
377077
378479
380193
380546
383986
386086
387093
389286
392630
395036
396493
396551
398896
399204
399493
400389
400632
401107
401546
402485
403047
404029
404030
406351
407226
408038
408200
409817
409907
410593
411217
412944
414768
415234
415736
416062
417204
417340
419548
419575
419955
421662
422026
422282
423105
423501
424341
426967
428403
429123
429539
430271
430609
430762
434907
435066
435979
436383
437663
438814
445236
446384
446461
446976
448675
448869
449409
452158
452633
454813
455435
456153
457502
459351
463183
463463
463644
465340
465535
469718
475216
478128
480248
480610
482910
485963
487545
488136
489485
492283
495668
496527
497738
502217
503504
504389
504904
505389
505595
506577
508998
510777
511962
517899
520807
522568
522771
525501
525714
525906
526621
529080
531016
533317
534073
534438
535570
536127
536321
537544
538193
538964
544076
544664
547109
547167
548219
548685
548875
551765
551967
553128
554870
555454
559501
560829
563638
564097
565434
567786
568024
568253
569513
571745
573441
573908
574356
577354
579529
579988
580033
580230
580915
582561
583904
585886
586161
586572
589814
590110
592454
594487
597604
604916
605034
605304
606424
606699
608279
610431
610494
612034
612252
612541
614486
615566
616486
618422
619289
619560
619813
620558
620946
621554
621691
621737
621826
622720
622729
622800
627710
628735
629446
629841
633175
634253
634420
634968
637217
637858
641491
643277
644462
644683
645986
647725
648584
648682
649283
649849
650089
650379
650919
652246
652375
652429
652500
654561
654713
656685
657309
657492
659032
661358
661387
662109
663337
664780
667548
670052
670262
670555
671052
674573
676741
676747
676828
677644
678292
679459
680583
680598
681599
682115
682425
682428
682433
684793
686903
687400
689619
689681
689878
689909
691053
692949
693693
695349
697797
698980
699620
700367
704430
705844
707095
709118
710631
710894
714061
714669
716096
716192
716487
717409
718308
718459
720032
720968
721938
722029
723537
724659
725634
726350
726489
726549
727011
727039
727135
727206
729149
729251
729340
729638
730309
730483
731279
732009
732697
732871
737079
739453
742910
743581
744103
744215
748226
749532
749807
750940
751336
753787
755134
756167
756535
757993
758037
759238
760931
762066
763502
764853
766796
768031
768298
769797
771345
772734
773207
774621
776574
777280
778981
780555
780894
781643
787764
788884
794155
796040
801382
803046
804348
805685
809922
810375
811872
814308
814622
817614
817835
819134
820318
820875
822953
825388
827577
832653
833401
833790
835006
837718
837725
838235
840737
842879
844020
844088
844320
844367
845197
845301
845959
849629
851896
854370
854834
854903
854949
855387
855692
856875
858881
865371
865467
868580
869411
870479
871246
871445
871515
871531
874685
875493
877064
880656
882973
883314
883809
883820
884074
884386
884493
885864
886545
887085
887336
887428
887528
888500
888764
889508
890236
890246
890441
890862
892556
893758
894148
897530
897680
897965
898678
898968
900760
901779
902849
904687
905128
906810
909747
910266
910317
912043
912210
912846
913302
915418
916185
917156
918384
918479
919581
920108
921506
922240
922959
923736
925801
927657
928319
928440
931483
931952
931969
932637
932902
933694
933885
934999
936897
938088
939381
941130
941945
942724
944218
946000
946189
947118
947898
947945
948561
949710
950221
951127
951242
956309
958044
960067
960507
960927
961100
962892
963034
963680
964017
964291
964999
965154
965524
966405
966501
966952
968534
968938
970241
971264
972503
973334
973484
973667
974533
975995
976104
977145
977247
977669
977706
978190
980558
982931
985411
985554
986482
986487
987689
987883
989180
989464
990067
991885
992139
992842
994573
994622
995195
995233
997160
999801
1000085
1000541
1002310
1002726
1004718
1005136
1011108
1011480
1013848
1016513
1016804
1017202
1018728
1019246
1020507
1020552
1021262
1021938
1022016
1022039
1022120
1023072
1023382
1024082
1025595
1026602
1027807
1028113
1033748
1034972
1035704
1035908
1037732
1039733
1041007
1043230
1043699
1045071
1045916
1048215
1049904
1049931
1050026
1052797
1053322
1054533
1055218
1059166
1060022
1060841
1063062
1063426
1063526
1063601
1064061
1064086
1064658
1065217
1067559
1068047
1068958
1069962
1071976
1072737
1075187
1075845
1078646
1078650
1078950
1079971
1080361
1083518
1083924
1089550
1089876
1090163
1092561
1092934
1093904
1094722
1094965
1095697
1095940
1096096
1099750
1099893
1100604
1101351
1102431
1103750
1106302
1106989
1108379
1108950
1109786
1110967
1110970
1114010
1114999
1116683
1117845
1118559
1119417
1120022
1122319
1123172
1123257
1124988
1125578
1125592
1127139
1127258
1127738
1127742
1127837
1127943
1128775
1129103
1129533
1129540
1130514
1132234
1132441
1132941
1132960
1133540
1133548
1133550
1133589
1133779
1134327
1135276
1136360
1136767
1137437
1138302
1138814
1139581
1139647
1143020
1143997
1144412
1145178
1145265
1145281
1145316
1145360
1145382
1145469
1145685
1146091
1146808
1147647
1149006
1149666
1150828
1151247
1151446
1152520
1152617
1155678
1157269
1158986
1159711
1160356
1161522
1161843
1161999
1163076
1164415
1165055
1165064
1165419
1166470
1167170
1168030
1168515
1168718
1169868
1171433
1172596
1172712
1173665
1174984
1175812
1176732
1177262
1177712
1178354
1178417
1179355
1181819
1181982
1182884
1183181
1183199
1183516
1183770
1186223
1187310
1194218
1194502
1195244
1197843
1197922
1202458
1205109
1205771
1207134
1208392
1208516
1210714
1212440
1214894
1216073
1218528
1219930
1220460
1223664
1224178
1226069
1226457
1226544
1226730
1226896
1228003
1228851
1231646
1232122
1232555
1232562
1233426
1233537
1233591
1233756
1237016
1237901
1238422
1239412
1243690
1245140
1247203
1247912
1249021
1249025
1250882
1251583
1251905
1252256
1252427
1254025
1255346
1256069
1258823
1259223
1260921
1261805
1261821
1261881
1262315
1262539
1262619
1263447
1264041
1265677
1267549
1268498
1272373
1272450
1275221
1276275
1278869
1279266
1279398
1281829
1281941
1282201
1282643
1285085
1286618
1288267
1289353
1289646
1290700
1291835
1293918
1294245
1295919
1297119
1297602
1298258
1298391
1298944
1299541
1299905
1301259
1303122
1303596
1304055
1304323
1307006
1309331
1310512
1311274
1311309
1312118
1313375
1314251
1316899
1317044
1320383
1321423
1323649
1324342
1325358
1325895
1326509
1327318
1328117
1328141
1330931
1330984
1330987
1331024
1331032
1334370
1334663
1336486
1336521
1339269
1339594
1340258
1340912
1341263
1341602
1342126
1342456
1342847
1343094
1343107
1344042
1344370
1344374
1344377
1344381
1344383
1344385
1344891
1346974
1347676
1351853
1352006
1352011
1353464
1353504
1353572
1354822
1354919
1357777
1357787
1357789
1359034
1360467
1360469
1360471
1360476
1360488
1360490
1361513
1361680
1362173
1362880
1364060
1364204
1364305
1364387
1364503
1365588
1366014
1366204
1366314
1370625
1371038
1371616
1372456
1374326
1374549
1376448
1382499
1384076
1386079
1386568
1386606
1387096
1389775
1390284
1390831
1391547
1392167
1392481
1392627
1394539
1396094
1397523
1398053
1399224
1400134
1400704
1400756
1402055
1402366
1402658
1404328
1405074
1406787
1407366
1409657
1410614
1410663
1411483
1413177
1415383
1415706
1416873
1418199
1418370
1418731
1418876
1420036
1420141
1422144
1422910
1423250
1424523
1426660
1426664
1428020
1428749
1429552
1430046
1430061
1430659
1430931
1433212
1434561
1434649
1436075
1438643
1439426
1440250
1440263
1440659
1442295
1442611
1443223
1443693
1443717
1443972
1446894
1447095
1447239
1447748
1449297
1452349
1455631
1455842
1455870
1458780
1458821
1458844
1459236
1459237
1459238
1459460
1463107
1464572
1465026
1465928
1466124
1466132
1466559
1466581
1466590
1466595
1466640
1467633
1469716
1470547
1471131
1471503
1473660
1474202
1474595
1474700
1474778
1475022
1475674
1478545
1481385
1481619
1484593
1486189
1490533
1491122
1492066
1497448
1499366
1499962
1500625
1502333
1503440
1504810
1507127
1509782
1510144
1510212
1511033
1511897
1512253
1512266
1512270
1512679
1514780
1516096
1516621
1516973
1524361
1526650
1527065
1527158
1527287
1529380
1535515
1536584
1540227
1543065
1544004
1545868
1546136
1546385
1546465
1546593
1548743
1549755
1550784
1551221
1553448
1553461
1554499
1554785
1555546
1555859
1556090
1556610
1557568
1559297
1559406
1559410
1559460
1560254
1560464
1560477
1561660
1561774
1562442
1563774
1563852
1565387
1566504
1568291
1568308
1570443
1570608
1570674
1572449
1572974
1573372
1574431
1576899
1577469
1578967
1579305
1580576
1582187
1582551
1583514
1583728
1584802
1585398
1586181
1587753
1587868
1588028
1588788
1589656
1590532
1590803
1591360
1592529
1592602
1594082
1594254
1596224
1596761
1597127
1597386
1597551
1597959
1601411
1602361
1602434
1602812
1603136
1603986
1604557
1607224
1607252
1608588
1612114
1614370
1614743
1615842
1618011
1622204
1622468
1623175
1623419
1627201
1627540
1628873
1631185
1631689
1633479
1633840
1634328
1634481
1634856
1635796
1638359
1639487
1639754
1641096
1642177
1645663
1645891
1647030
1647260
1648765
1648961
1650722
1651391
1653556
1654382
1655286
1655818
1657101
1658326
1658571
1659003
1660941
1661579
1661584
1661593
1662504
1662718
1662762
1663737
1663773
1664216
1664743
1666678
1668014
1668553
1670196
1670282
1672911
1672934
1673171
1674190
1678619
1679250
1679252
1680014
1681543
1683481
1685737
1685861
1686137
1686420
1686745
1687984
1689202
1690764
1690911
1696844
1697594
1697927
1698079
1698216
1698818
1700619
1700729
1701269
1702295
1702798
1704967
1705748
1706002
1706059
1706241
1706283
1706291
1706293
1706296
1706298
1706304
1706880
1707202
1707582
1707811
1708696
1709319
1712863
1713207
1714484
1715551
1716193
1718197
1718238
1719283
1720768
1721189
1721226
1724374
1724672
1727486
1727981
1728716
1732442
1733974
1734004
1734042
1734104
1734317
1736192
1736596
1738024
1738671
1738858
1739286
1740651
1742326
1743838
1747059
1747238
1747458
1747529
1747541
1747865
1747868
1747870
1750036
1751367
1752980
1753665
1754551
1755106
1755365
1755911
1755920
1758728
1759024
1759054
1759074
1759106
1764667
1765161
1766136
1769309
1770046
1770144
1770285
1770683
1771594
1771598
1773639
1776926
1778260
1778398
1779999
1781382
1781852
1782034
1783319
1783436
1785570
1788316
1788335
1789133
1789418
1790371
1790471
1790597
1791880
1792326
1794179
1794431
1794828
1795318
1796701
1796967
1799673
1800130
1800136
1800153
1800266
1803812
1803817
1803926
1806285
1810302
1810338
1811127
1811712
1811941
1812478
1813301
1814317
1814505
1818871
1819023
1819882
1819926
1820189
1820766
1821569
1821764
1823352
1823678
1825695
1827378
1827435
1827495
1829752
1830678
1831210
1832307
1836024
1836456
1838428
1838592
1839607
1839846
1840132
1840529
1840594
1841468
1845688
1845750
1845769
1845955
1847364
1848113
1848811
1849672
1850072
1850939
1851823
1853008
1856922
1857928
1859474
1861225
1862120
1866506
1867299
1867415
1867652
1869612
1869826
1870026
1870371
1872059
1872583
1874412
1876095
1877019
1877352
1877619
1878680
1879006
1880581
1881242
1884305
1885635
1886901
1887797
1889020
1889465
1891353
1894406
1894488
1895479
1896405
1897566
1899151
1899571
1900926
1905621
1906520
1907721
1909589
1909814
1912047
1913685
1915278
1915719
1916640
1917146
1923279
1925206
1928019
1931733
1931764
1933783
1936961
1941003
1941536
1946640
1947559
1952068
1954247
1955026
1955550
1957260
1958221
1958757
1958955
1959631
1963150
1963928
1964815
1966349
1966587
1966777
1967189
1967525
1967783
1971798
1971957
1973231
1974018
1974108
1975508
1976953
1977297
1978590
1980026
1981555
1982581
1982730
1983925
1984985
1985848
1992426
1994485
1995138
1995721
1997017
1998024
1998280
2001586
2002204
2002250
2003635
2003745
2004131
2005577
2008187
2009951
2010145
2010148
2014656
2017627
2017942
2021528
2022104
2023364
2024539
2025010
2025016
2025103
2025478
2025893
2026206
2026477
2028988
2029629
2029777
2030413
2030689
2030853
2033143
2033216
2033460
2033705
2034376
2035325
2035789
2036344
2037129
2039412
2042428
2042540
2043482
2043612
2044182
2045231
2046108
2046864
2047290
2047486
2049190
2049229
2049319
2049334
2049786
2050117
2051127
2051369
2051397
2051542
2051548
2051704
2051716
2051876
2051966
2052006
2052492
2052523
2052611
2052772
2052792
2052794
2052922
2052936
2053151
2053155
2055921
2056161
2056276
2056282
2057514
2062811
2064621
2065332
2068017
2068050
2068111
2068362
2069970
2070719
2071118
2072216
2074473
2074922
2075876
2078863
2078882
2078887
2078981
2081577
2081980
2082769
2085609
2086288
2086406
2086870
2088156
2088773
2089893
2093807
2093970
2095221
2095388
2095737
2096071
2097023
2097812
2098365
2098434
2099801
2101648
2101925
2101962
2102598
2103505
2103613
2104043
2104104
2104275
2104561
2106107
2110164
2110751
2110960
2112194
2113109
2114128
2116475
2117936
2118797
2121334
2121934
2122040
2124085
2124121
2124380
2125330
2125631
2126883
2128206
2128996
2129671
2129735
2129977
2131837
2132134
2133602
2135100
2135535
2138340
2139357
2139806
2140591
2140627
2141766
2141795
2143018
2143784
2143913
2144219
2144479
2145561
2146326
2146536
2148465
2150920
2152861
2158165
2159454
2159706
2159891
2160669
2160816
2163598
2163779
2164786
2165562
2167372
2170922
2175509
2176976
2178464
2178933
2181234
2182633
2182893
2183418
2183626
2185233
2185325
2185670
2185914
2187150
2188254
2190125
2193757
2194311
2195051
2195368
2197771
2200077
2200764
2203346
2204304
2205323
2207453
2208017
2208604
2209024
2210400
2210473
2210526
2211494
2211537
2212074
2212080
2212757
2214108
2215156
2216559
2216610
2217181
2217633
2218814
2219725
2221352
2224156
2224863
2225173
2225295
2226713
2228135
2228614
2231020
2233395
2233888
2238958
2239494
2239899
2240124
2240427
2241017
2241512
2242217
2244628
2248167
2250134
2250747
2251405
2253905
2253926
2254362
2255328
2256662
2256905
2258041
2258175
2258185
2258252
2258581
2259067
2260849
2267566
2268995
2270415
2270845
2270946
2271459
2272092
2275762
2276149
2276860
2279505
2280331
2280792
2280818
2281360
2281426
2282319
2282640
2283724
2284756
2287649
2289148
2289801
2291716
2292395
2292617
2294341
2297455
2301978
2302253
2302471
2302646
2305933
2307354
2308920
2313535
2313704
2313882
2313936
2316440
2316622
2317236
2319046
2319794
2320820
2321349
2322807
2323938
2327179
2328236
2328605
2329996
2330612
2330844
2330995
2334054
2334698
2334712
2335479
2336194
2336416
2337362
2338839
2340649
2341346
2341841
2342486
2343958
2344013
2344115
2344670
2344823
2346430
2346966
2347384
2349194
2349570
2352893
2354277
2354686
2355880
2357291
2357429
2358358
2359008
2360348
2363026
2363038
2363115
2364282
2364599
2365996
2366365
2367656
2369134
2369570
2370951
2372096
2372528
2373634
2374778
2375217
2375489
2376226
2376376
2376744
2376772
2377732
2378357
2379563
2379799
2381616
2382849
2382993
2383607
2384011
2386247
2386292
2386591
2387465
2389603
2390951
2392240
2392672
2392753
2395969
2396050
2397367
2400395
2400793
2403223
2404186
2404259
2404275
2404531
2405593
2407287
2410223
2411734
2413537
2414922
2416994
2417593
2417897
2418403
2418651
2420142
2420962
2422177
2423766
2424394
2427021
2428877
2431207
2431665
2432307
2433543
2434008
2435887
2436786
2436978
2439925
2440040
2440862
2441560
2441608
2444553
2446765
2446996
2447204
2447768
2448506
2449227
2449329
2449411
2450763
2451442
2452005
2452750
2453594
2453687
2454003
2454377
2456356
2457416
2457519
2460493
2463352
2465855
2470835
2471363
2471439
2472920
2473588
2473876
2475341
2476233
2479074
2480085
2480790
2480810
2484084
2486483
2486583
2487175
2488852
2489117
2489175
2489918
2492441
2492649
2493416
2494479
2495934
2496138
2496494
2498207
2498768
2502692
2502850
2503040
2504011
2504896
2505117
2505118
2505134
2505503
2508976
2512823
2513002
2513947
2514039
2515977
2517533
2518145
2520770
2521159
2521633
2522477
2523619
2524258
2524266
2525218
2528086
2529373
2530592
2531921
2532690
2533526
2538400
2541669
2542126
2543542
2543729
2545889
2546810
2547733
2548361
2549698
2550478
2550793
2551072
2552316
2553107
2554491
2556183
2556346
2557105
2557159
2558318
2558481
2562141
2565534
2566059
2568678
2568725
2568912
2570549
2573728
2576981
2580350
2580667
2583023
2584012
2586949
2587127
2588431
2588804
2591965
2592534
2593956
2597468
2597561
2598407
2599565
2599650
2600215
2600664
2600950
2602843
2602892
2603195
2604440
2608884
2611058
2613062
2614657
2616052
2617141
2617155
2618149
2621850
2623122
2624002
2625148
2626515
2627499
2628294
2629679
2632010
2632250
2633257
2634901
2635631
2640139
2641024
2641726
2642993
2645197
2647413
2647876
2650612
2651335
2651371
2652049
2652195
2652971
2654641
2654982
2655600
2655747
2656435
2656734
2657943
2660400
2661976
2662102
2662743
2663028
2663304
2663469
2664414
2665345
2665749
2665759
2668750
2671446
2671565
2672612
2673553
2674084
2674323
2674802
2674955
2675106
2675970
2676797
2679850
2680367
2682056
2683579
2686840
2688132
2688519
2688563
2688930
2689212
2689674
2690560
2693900
2696436
2696698
2698756
2698767
2699173
2699567
2700625
2701652
2703047
2703092
2703910
2704495
2705846
2707385
2707649
2712329
2712767
2712999
2713356
2714221
2715838
2716093
2717315
2717803
2719051
2719865
2719987
2720632
2720813
2722236
2722251
2722525
2725745
2726701
2727597
2727970
2729492
2730563
2733035
2733621
2734123
2734258
2735194
2735200
2735882
2736593
2740701
2740812
2741161
2741300
2742713
2743131
2743650
2745009
2745392
2745885
2746360
2746803
2747106
2748018
2748408
2749095
2749552
2749745
2749762
2749893
2751542
2752662
2755056
2758717
2760156
2761904
2764555
2764997
2765481
2766926
2766998
2767975
2769065
2769138
2770377
2770628
2772581
2776951
2777003
2780020
2780432
2781978
2782206
2784449
2784587
2786045
2786049
2787679
2789009
2789388
2791508
2791605
2792619
2793509
2794082
2794511
2795368
2796596
2796643
2797315
2797603
2797871
2798195
2798290
2800547
2803644
2806095
2807182
2807886
2809162
2809319
2809990
2811181
2813164
2816774
2816818
2816945
2817541
2818527
2819537
2820496
2822310
2822493
2823685
2826277
2826673
2827263
2828492
2829035
2831226
2831235
2831488
2832386
2834370
2834544
2835863
2835954
2836506
2836860
2838191
2838221
2839282
2840365
2840410
2842210
2842720
2843076
2843855
2846964
2852285
2853619
2855618
2857523
2857625
2858436
2858803
2859485
2859590
2861062
2861417
2861544
2862870
2866515
2867835
2867844
2868857
2869105
2870262
2874243
2874650
2875591
2876322
2876806
2878088
2878529
2878950
2878990
2879844
2881970
2883884
2885897
2887585
2887767
2888366
2890759
2891216
2891423
2892573
2893864
2894485
2895971
2896915
2897857
2899364
2905234
2907423
2908646
2908920
2909706
2909877
2910496
2910622
2911624
2912325
2912682
2913006
2914321
2914798
2915268
2915289
2918077
2918545
2919274
2920306
2920522
2920550
2920829
2927207
2927820
2929032
2929617
2930118
2930129
2931536
2934940
2935060
2935264
2935742
2935743
2937183
2937436
2938233
2940241
2940482
2940956
2942192
2944255
2945565
2945776
2945782
2946970
2947003
2947643
2948580
2950197
2950469
2953362
2953779
2954522
2954836
2955144
2958129
2959009
2960630
2963193
2963279
2964496
2966148
2966178
2966433
2967405
2970059
2971145
2972676
2972781
2973631
2975217
2976317
2976925
2977820
2977850
2978757
2979549
2979845
2980546
2982881
2984162
2985045
2985684
2985826
2986121
2987850
2988471
2989055
2992486
2994613
2995238
2995835
2996247
2996524
2996657
2998071
2998931
3000528
3000558
3000752
3002617
3002840
3006201
3006790
3007814
3008225
3009757
3013432
3013506
3015088
3015690
3019802
3020304
3020338
3020366
3021012
3021489
3022895
3024020
3024535
3025107
3025559
3025686
3027076
3027559
3027705
3031185
3032269
3032475
3036220
3038286
3039166
3040266
3041554
3044796
3046653
3048370
3051626
3054587
3055080
3056608
3056701
3060290
3061128
3062063
3065681
3065866
3066585
3067586
3068050
3068158
3069150
3072002
3072033
3072163
3072513
3072628
3072933
3072985
3073178
3073371
3073477
3073534
3073571
3073619
3073635
3073646
3073737
3075003
3075016
3075367
3078027
3080523
3081766
3083995
3084080
3084149
3085498
3086552
3087486
3088163
3089141
3090337
3093895
3094237
3095541
3097392
3098345
3099890
3100683
3100906
3101943
3104362
3104931
3105642
3105801
3106138
3107978
3109324
3109979
3110085
3118040
3118115
3118147
3123615
3123676
3123917
3124550
3124989
3125149
3127173
3127234
3128032
3128831
3129228
3130483
3130837
3132453
3133660
3141642
3143224
3145151
3146953
3148275
3148724
3148923
3150225
3151337
3151465
3152304
3153201
3153764
3154736
3155007
3155440
3160357
3160625
3161277
3161382
3161987
3162004
3164946
3166793
3167195
3168019
3168066
3169611
3169917
3169985
3170482
3170492
3171484
3171615
3174617
3174709
3175422
3176527
3177264
3178417
3179627
3180283
3180601
3181691
3184004
3184738
3187247
3191870
3192660
3192972
3193618
3193751
3195170
3195304
3196143
3196283
3198301
3198551
3201443
3203290
3204042
3204627
3205034
3206265
3210364
3212197
3212803
3213024
3213575
3214055
3215255
3216323
3218042
3218475
3219318
3219392
3221324
3225380
3225433
3225813
3226053
3226969
3227135
3227328
3228566
3230201
3230432
3233216
3234259
3234581
3235819
3236077
3237926
3238727
3238835
3239596
3240211
3240450
3240608
3240706
3241007
3243208
3244071
3245680
3245966
3245985
3246762
3248677
3248889
3248974
3249972
3252161
3252374
3252479
3252705
3253585
3253950
3255007
3257651
3257801
3258368
3258802
3260380
3260536
3261710
3262145
3262496
3263192
3264502
3264640
3264832
3268434
3268657
3270025
3271436
3272073
3273088
3274440
3274605
3275085
3275183
3275428
3277971
3278580
3280686
3280853
3281203
3281988
3282171
3283636
3284477
3287133
3290296
3291583
3291659
3294116
3294595
3295181
3295670
3297192
3300102
3300119
3300208
3300258
3301231
3303394
3304754
3305145
3305380
3307135
3307673
3308478
3308566
3308900
3310245
3312096
3314020
3317108
3317420
3318104
3320226
3323816
3327546
3328421
3328698
3329504
3330879
3332362
3333313
3335535
3335615
3335970
3336108
3336585
3337760
3338243
3343716
3344929
3346680
3347593
3349015
3349625
3350051
3353668
3353742
3355262
3358364
3358402
3360516
3361935
3363965
3364163
3364196
3367855
3367900
3368329
3369282
3370255
3371999
3372347
3372617
3372769
3372948
3373251
3375409
3376416
3378522
3379220
3379559
3380693
3382546
3384178
3384263
3385352
3386447
3386646
3388653
3388689
3388876
3390324
3391632
3396207
3398542
3399589
3402015
3402145
3402368
3406601
3408015
3408084
3408154
3408235
3410105
3410197
3411905
3412667
3415107
3416930
3417058
3417707
3418350
3419065
3420759
3421424
3422428
3422834
3423833
3425125
3427618
3428906
3428964
3429225
3429609
3430686
3433600
3435177
3435394
3437016
3437132
3437192
3438007
3438153
3441398
3441892
3442041
3442590
3443164
3443976
3448023
3448466
3448763
3448776
3449069
3451091
3451135
3451218
3452200
3453745
3453920
3456611
3458839
3459219
3459311
3459338
3459481
3459572
3459997
3460143
3460174
3461744
3462806
3462820
3466538
3466770
3467002
3468306
3468687
3469467
3469560
3470317
3470691
3471735
3472242
3473199
3474069
3475613
3479255
3479493
3479830
3480694
3481317
3481560
3481705
3482705
3483257
3484563
3485039
3485444
3485513
3486023
3487523
3488941
3488998
3489254
3489719
3490942
3492094
3492180
3492184
3493127
3493388
3494212
3496904
3497147
3499336
3499392
3500546
3501199
3502073
3503450
3503491
3503873
3504269
3504835
3504857
3504948
3504963
3505037
3505116
3505131
3505154
3505188
3505197
3505220
3505230
3505248
3505265
3505292
3505314
3505327
3505350
3505355
3505385
3505386
3505400
3505411
3505412
3505429
3505445
3505485
3505486
3505525
3505545
3505613
3505654
3505669
3505683
3505764
3505785
3505809
3505834
3505880
3505893
3505904
3505908
3505965
3505988
3506001
3506003
3506096
3506098
3506110
3506128
3506143
3506202
3506220
3506222
3506251
3506341
3506497
3506514
3506803
3507824
3509097
3509628
3511143
3512321
3514790
3515301
3515573
3515642
3515668
3516384
3519665
3519865
3520168
3520671
3520714
3522003
3522180
3522265
3525045
3526705
3528039
3528427
3528762
3530362
3530617
3532959
3533641
3534488
3536405
3536809
3537943
3538480
3538524
3538969
3539980
3540249
3540361
3540480
3540828
3541431
3541541
3545025
3547695
3548215
3548462
3548858
3549468
3551482
3551844
3553538
3554602
3555026
3556944
3557099
3558320
3558993
3559551
3559641
3559942
3563091
3563291
3564214
3566127
3569753
3569784
3570151
3571024
3571290
3571730
3573567
3576014
3576447
3577167
3579976
3580551
3580587
3581357
3581400
3581600
3581851
3581996
3582097
3582249
3582267
3582294
3582339
3582395
3582412
3582421
3582425
3582432
3582466
3582474
3582496
3582504
3582533
3582735
3582744
3582931
3583008
3583118
3583151
3583182
3583205
3583225
3583245
3583280
3583307
3583326
3583338
3583391
3583404
3583427
3583442
3583478
3583487
3583557
3584219
3585471
3586321
3588504
3590371
3590403
3590936
3592525
3592886
3593962
3594194
3594809
3595901
3599268
3602120
3605724
3606439
3608153
3608206
3608623
3609821
3610600
3611268
3611545
3613408
3614575
3614833
3615210
3616009
3617374
3618844
3619015
3619191
3619219
3619905
3620018
3620742
3620782
3622126
3622751
3623496
3624611
3625372
3626377
3626384
3626469
3627185
3627404
3628494
3629248
3632094
3633022
3634411
3634589
3635947
3636911
3637978
3638095
3639560
3641042
3641641
3641900
3642621
3643005
3644693
3645260
3646651
3650846
3652008
3652136
3652432
3654412
3654558
3655133
3655163
3655180
3656436
3658005
3659850
3660641
3663554
3665263
3665942
3670917
3671113
3672770
3673011
3673145
3673901
3679393
3679612
3681914
3682650
3684691
3685429
3686185
3686927
3687257
3695255
3696810
3697357
3697414
3699172
3699874
3700024
3700292
3701540
3702431
3703556
3703839
3704605
3705536
3705774
3705883
3706113
3706146
3706312
3706634
3706984
3711655
3712759
3713249
3714031
3714313
3714664
3715409
3715563
3716669
3718739
3720088
3721071
3722056
3723579
3723965
3724330
3725214
3726034
3726907
3727407
3727563
3727783
3727856
3728275
3730939
3731413
3732578
3733127
3734381
3734899
3735287
3735346
3736102
3736749
3736991
3738462
3739126
3740156
3743002
3743464
3744030
3744213
3744372
3744923
3744992
3745665
3747021
3747896
3748097
3748209
3749467
3749506
3751051
3751361
3752990
3753007
3754775
3758572
3758954
3759195
3761041
3763545
3763847
3764252
3765732
3766789
3767356
3767559
3770107
3772234
3772632
3772844
3773406
3774191
3774824
3775225
3777837
3778923
3780132
3783743
3784130
3784952
3787102
3787182
3787224
3787343
3787394
3788062
3788250
3788251
3788316
3788519
3788777
3789379
3789667
3789952
3790811
3791213
3792008
3797891
3798521
3799288
3799464
3799508
3801064
3801753
3802825
3803235
3805771
3806429
3806623
3807775
3808240
3808721
3809006
3809912
3809982
3810523
3810692
3810734
3810755
3810771
3810794
3811906
3812145
3812847
3814181
3814564
3814774
3815173
3815617
3817206
3817275
3817631
3817668
3818023
3819208
3820576
3821033
3821174
3821371
3821558
3822183
3822398
3824015
3824112
3824147
3824191
3824247
3824395
3824490
3824525
3824596
3824657
3824722
3824759
3824845
3824906
3824946
3824994
3825045
3825122
3825153
3825224
3825260
3825311
3825346
3825550
3825726
3825749
3825821
3825862
3825929
3825992
3826044
3826181
3826209
3826323
3826345
3826364
3826377
3826394
3826419
3826436
3826532
3826567
3826589
3826626
3826882
3827077
3827146
3827226
3827303
3827487
3827563
3827597
3827874
3828083
3829587
3829654
3830899
3831959
3832944
3833164
3833412
3833436
3833448
3833593
3833650
3834020
3834247
3834342
3834537
3838290
3841645
3841961
3842172
3843069
3843832
3844628
3846080
3846115
3847623
3847939
3849091
3849427
3849891
3850027
3851272
3851977
3853027
3853045
3854921
3855156
3855482
3858601
3859413
3861829
3861982
3862684
3866096
3866165
3866383
3869096
3869621
3872180
3872223
3873195
3874191
3874394
3875728
3876506
3876893
3880096
3881928
3882900
3884009
3884941
3885390
3886068
3886092
3886304
3887134
3887407
3888046
3889796
3891496
3891588
3893857
3894252
3894675
3895474
3896615
3897081
3897126
3897683
3898110
3899741
3899843
3900298
3900480
3903572
3904239
3905031
3908696
3909157
3909737
3910050
3914016
3914712
3914880
3915325
3915406
3915475
3915941
3917892
3918372
3918950
3919741
3920313
3921197
3921437
3922080
3922096
3923798
3924358
3926306
3926626
3927370
3929347
3931046
3931357
3932063
3932922
3937880
3940080
3940402
3940456
3940511
3940695
3941711
3942496
3942513
3942820
3943872
3943940
3944162
3944307
3948600
3948804
3951244
3954544
3954670
3956079
3956253
3956784
3957940
3958234
3958753
3959436
3962095
3962811
3963227
3963359
3963402
3964082
3965014
3966323
3966464
3966665
3967618
3969430
3970020
3970340
3970788
3973291
3973297
3973648
3975253
3977945
3979535
3979753
3980030
3981115
3981275
3982328
3982339
3984149
3984196
3984664
3985604
3988092
3988849
3990035
3990145
3990696
3994702
3995688
3996931
3997469
3997681
3997886
4000489
4000723
4002507
4004012
4004021
4005180
4008005
4008209
4009879
4010763
4011171
4012313
4012804
4014744
4015220
4015313
4016265
4016347
4016442
4016514
4016533
4022171
4022943
4024185
4024649
4025682
4028418
4030043
4031216
4034084
4034349
4035014
4037557
4040112
4041435
4042761
4044415
4044982
4045105
4047125
4047927
4048525
4048605
4048952
4049042
4050385
4052190
4052946
4053956
4056279
4056297
4056462
4057348
4057710
4059853
4061277
4061445
4061820
4062976
4063430
4064559
4065724
4065945
4066663
4066815
4067097
4067227
4068903
4068998
4074712
4075481
4076210
4079250
4081913
4083548
4084154
4085140
4085304
4085540
4086716
4089091
4089153
4089160
4089755
4090826
4090906
4092264
4092902
4093568
4095643
4096277
4096364
4096408
4096811
4098767
4099384
4099425
4100704
4102249
4103138
4103365
4104230
4106106
4107988
4108752
4110339
4110818
4110891
4111022
4111113
4112037
4112181
4112300
4112777
4113945
4114205
4114288
4114929
4115012
4115560
4115884
4116874
4117635
4118055
4119935
4120196
4120956
4121166
4123206
4126163
4126339
4127133
4129492
4130072
4132179
4132873
4133226
4134718
4135545
4136433
4136674
4137768
4139222
4139986
4140118
4140240
4140961
4141706
4143015
4143036
4145456
4145961
4148589
4149179
4149468
4150570
4151995
4152634
4154165
4154804
4155252
4157814
4157934
4158501
4158641
4159755
4160092
4161135
4161439
4161840
4162838
4164296
4164865
4165938
4166984
4170531
4171394
4172428
4173052
4173087
4174788
4175815
4175981
4176668
4178307
4178558
4179821
4181740
4182127
4182256
4182459
4182898
4184262
4184926
4185012
4185033
4185040
4186375
4186557
4187025
4187575
4187750
4189091
4191663
4193455
4194792
4196658
4197036
4197485
4197929
4197998
4198934
4199807
4200442
4200458
4200493
4200510
4201192
4201321
4202346
4204891
4206068
4206324
4207559
4208670
4210841
4213969
4214248
4214894
4215564
4219649
4220083
4220413
4221309
4221753
4222467
4222630
4223404
4223954
4226887
4227019
4227161
4227322
4227566
4227592
4227770
4227856
4228052
4229344
4230130
4230254
4230694
4231202
4232907
4233840
4235343
4236239
4236326
4236684
4236777
4238071
4238879
4241505
4243045
4243958
4244590
4245077
4249589
4249911
4250571
4252323
4253727
4254001
4254153
4254256
4257193
4257806
4258159
4258269
4259339
4259711
4260006
4260361
4262981
4264106
4265024
4266419
4267861
4268277
4268744
4269054
4271940
4272981
4273119
4273543
4277682
4277812
4277848
4279312
4279823
4281115
4281664
4283742
4284082
4285318
4285636
4287355
4287495
4288253
4290522
4290763
4291800
4291843
4293401
4293654
4296908
4297477
4297639
4298937
4301277
4301407
4303161
4303553
4304640
4307337
4307854
4308174
4308608
4308691
4309574
4312130
4312239
4312571
4314144
4315597
4320913
4321260
4324080
4324521
4324609
4326666
4328528
4330981
4331102
4331329
4331856
4332833
4332953
4333068
4333957
4334196
4336086
4337827
4339529
4339800
4341368
4342065
4342389
4343032
4344528
4344987
4347612
4349383
4350824
4350931
4353069
4353882
4354840
4354909
4354948
4356994
4357921
4358055
4359164
4361205
4361939
4362333
4362389
4362548
4362635
4362692
4362746
4362835
4362996
4363052
4363098
4363244
4363273
4363629
4364327
4365305
4365435
4365456
4365535
4365564
4365628
4365680
4365802
4365849
4365918
4365938
4365953
4366232
4366256
4366288
4366316
4366352
4366542
4366614
4366704
4366758
4366791
4366817
4367237
4367302
4367403
4367496
4368709
4369218
4370273
4371404
4373112
4373240
4375495
4376397
4377616
4377643
4378606
4379594
4379820
4380101
4380289
4380793
4381814
4382834
4384274
4384369
4385006
4385217
4385607
4387141
4388373
4389695
4389975
4390322
4391572
4391826
4392118
4393338
4393650
4393736
4394587
4399226
4400105
4400199
4402016
4402303
4402516
4404209
4406045
4407115
4407139
4407497
4408745
4408893
4413202
4413495
4413837
4415819
4416138
4416314
4416930
4420529
4421230
4421279
4422750
4429775
4430025
4430111
4430354
4431481
4431968
4432306
4432486
4432783
4434875
4434964
4436743
4436935
4437685
4437700
4437830
4438647
4438705
4440149
4440382
4440866
4441500
4441744
4442387
4443840
4444240
4444319
4444662
4444677
4444776
4444914
4445155
4445891
4446444
4446744
4447443
4447960
4449418
4450939
4451795
4452455
4452684
4452772
4453364
4456012
4458768
4458965
4459466
4459794
4460699
4462244
4464258
4464633
4465420
4465675
4467308
4468362
4468398
4468651
4470601
4474393
4474621
4475623
4475651
4476593
4477214
4477697
4479290
4479603
4480350
4481613
4482202
4482538
4483961
4487016
4489756
4490756
4491692
4492826
4493576
4493940
4493947
4494495
4494890
4495378
4495925
4496629
4497554
4497912
4499436
4500046
4501518
4501600
4502084
4505430
4506168
4507017
4508205
4509223
4509360
4509759
4509785
4510418
4510556
4510923
4511910
4512934
4514074
4514206
4514492
4514690
4516089
4516633
4516807
4516833
4517002
4517039
4517155
4517227
4517827
4518712
4518854
4519327
4519394
4519787
4521827
4524565
4524709
4524871
4524884
4525815
4526181
4526524
4526563
4526683
4526803
4527824
4528285
4528606
4529456
4530986
4532980
4533857
4534467
4536537
4539292
4542294
4542772
4543012
4544140
4545357
4546204
4546584
4547710
4548354
4550082
4553403
4553633
4554167
4554348
4554538
4554651
4556045
4556480
4556811
4556961
4557127
4557305
4557967
4559875
4560671
4561600
4562228
4563139
4563855
4564041
4565824
4566277
4566881
4567620
4568630
4569775
4570383
4572064
4573293
4573532
4574442
4575005
4579009
4579158
4581843
4583432
4584173
4586003
4590913
4591097
4592029
4593446
4595563
4601151
4605044
4605565
4605896
4607729
4608255
4608316
4612261
4613075
4613554
4614768
4614976
4615790
4617962
4619552
4620031
4620548
4622821
4623800
4624326
4627079
4627354
4628062
4628501
4628583
4630595
4630939
4631950
4633070
4633459
4633888
4634366
4634977
4635716
4637934
4640243
4640458
4642895
4648191
4650058
4650707
4652841
4654542
4654578
4655317
4655703
4657075
4658031
4659478
4659829
4660179
4660205
4660321
4660341
4660674
4661043
4661218
4662562
4662610
4662828
4663587
4665394
4665568
4666846
4668726
4669633
4669948
4670940
4670983
4672598
4675069
4675270
4677309
4678239
4679147
4680748
4681578
4682165
4687203
4687354
4687902
4687977
4688065
4689280
4689519
4689937
4690326
4692893
4693252
4693526
4694451
4694739
4695354
4695735
4696510
4696525
4697286
4697315
4699106
4700207
4701124
4701309
4703935
4704038
4704167
4704809
4705689
4705806
4707235
4710193
4710302
4710641
4711495
4711943
4713167
4713828
4714082
4716498
4718644
4719731
4719817
4721272
4721414
4724920
4724942
4725604
4725842
4726035
4728513
4728842
4729429
4729986
4730238
4732710
4733472
4737352
4738713
4739414
4739565
4742210
4742430
4743732
4747129
4747522
4747530
4748916
4749679
4751477
4754705
4754760
4757261
4757731
4758104
4758139
4758725
4761295
4761385
4762152
4763099
4763403
4763659
4764463
4766084
4766453
4767606
4770069
4772371
4774022
4774215
4776090
4777264
4777303
4777317
4778460
4781784
4782650
4784456
4784752
4788402
4789646
4789865
4791377
4794958
4795271
4795403
4795470
4795985
4796118
4797789
4799739
4799959
4800529
4801953
4802577
4803256
4803633
4804572
4806070
4806535
4809378
4809639
4811473
4811585
4813408
4813524
4814421
4814698
4815036
4815570
4815696
4817101
4817520
4817808
4817954
4818654
4819125
4819954
4820315
4820898
4823974
4825809
4825823
4825938
4826035
4826061
4827954
4828947
4829511
4831555
4832434
4834152
4835003
4836160
4838200
4840128
4840295
4840517
4840595
4840830
4840906
4840972
4841403
4842448
4843068
4843877
4844029
4845052
4845911
4847382
4847627
4847776
4848935
4849795
4852278
4852457
4853015
4853902
4853909
4854820
4856317
4856926
4859363
4861766
4862062
4862276
4863513
4867122
4867481
4868671
4869389
4869894
4873319
4875059
4877643
4878355
4880425
4882272
4882839
4885643
4885859
4888560
4891244
4891615
4891977
4893586
4894305
4894922
4895222
4895368
4896115
4897624
4898225
4899193
4900005
4902495
4904231
4906507
4906895
4909000
4909758
4912043
4912296
4912564
4913100
4913161
4913319
4913508
4914258
4917145
4917560
4921967
4922742
4922769
4923928
4924333
4927263
4928664
4929101
4930493
4930585
4931850
4932932
4932936
4933031
4933046
4933256
4934154
4936346
4937005
4937779
4937906
4938903
4939503
4939655
4940424
4941632
4943476
4944405
4944992
4945041
4945299
4945923
4946045
4946849
4947567
4949837
4951798
4952931
4953293
4954124
4954422
4957837
4959453
4961245
4961322
4961891
4963235
4964681
4965050
4969146
4969583
4970420
4971781
4973781
4973934
4974610
4975270
4978790
4979153
4982935
4986482
4990344
4992084
4992945
4995095
4998965
5000580
5001794
5002124
5002247
5003271
5004653
5005561
5006603
5007615
5007993
5009269
5009651
5010437
5010871
5011009
5011030
5011084
5011158
5011194
5011215
5011232
5011257
5011286
5011341
5011346
5011380
5011831
5011929
5012633
5013465
5013708
5019253
5021409
5021746
5023040
5023676
5023846
5025203
5027054
5028468
5029369
5033149
5035772
5039019
5039741
5040622
5040694
5042429
5044831
5045063
5046534
5046626
5046746
5047522
5049879
5050538
5054430
5055655
5055983
5056969
5057408
5057908
5059087
5059574
5060361
5060562
5060943
5062900
5063161
5065443
5065460
5065911
5066493
5066545
5067058
5069817
5071755
5072595
5072641
5073082
5074294
5075446
5076203
5076921
5079698
5080453
5082404
5083381
5085006
5086195
5086310
5086963
5087037
5090940
5091018
5092775
5093717
5095531
5096055
5097505
5100179
5101473
5101705
5102002
5102008
5103020
5104074
5104731
5110420
5110425
5110434
5110455
5110482
5110509
5110520
5110531
5112057
5113823
5113993
5117857
5117950
5118510
5119436
5123047
5124086
5124953
5125150
5127037
5128792
5130967
5131303
5131485
5132498
5133003
5136920
5137649
5140288
5140527
5140673
5142871
5143646
5143693
5144710
5145093
5145376
5146143
5146703
5147632
5150190
5152657
5153914
5154734
5155365
5155429
5155539
5156602
5156917
5157415
5160057
5161310
5161597
5161728
5161860
5162347
5163150
5164043
5165363
5165904
5168008
5168576
5170844
5171534
5172239
5174385
5175577
5176343
5176563
5178569
5181971
5182382
5182587
5182839
5183587
5183741
5184408
5184735
5186917
5189512
5190550
5191164
5191182
5191554
5192067
5193125
5193947
5194956
5195563
5197027
5199971
5201700
5201777
5202014
5202149
5203172
5203431
5203847
5203999
5205575
5206364
5207144
5208375
5209767
5210229
5210793
5211450
5211848
5211942
5214416
5216063
5217058
5217066
5217757
5218002
5220663
5220841
5221330
5222018
5222100
5223097
5223600
5225070
5226080
5226983
5227905
5228729
5230038
5230531
5231739
5232853
5233506
5233724
5233940
5234046
5235189
5235319
5236705
5237344
5237738
5237876
5238696
5239534
5240107
5241269
5241314
5241358
5243515
5246020
5247526
5248199
5248881
5250216
5252176
5252727
5254883
5256678
5256779
5259940
5263201
5263323
5263724
5263796
5265416
5265541
5267289
5268091
5268394
5268640
5268657
5269475
5269801
5271023
5272101
5272307
5272877
5273138
5274023
5274324
5274644
5275209
5275289
5276253
5277905
5278121
5278233
5278363
5279132
5279554
5280495
5281747
5281860
5285670
5285932
5288135
5289350
5289612
5290302
5290432
5294762
5297518
5300432
5302312
5302877
5303856
5304429
5304668
5305002
5305832
5306127
5306668
5307709
5308290
5309257
5310451
5311811
5314331
5314377
5314618
5314704
5315675
5316666
5317422
5317770
5318479
5318806
5319823
5321085
5321447
5322251
5323106
5323988
5325749
5326104
5326226
5327126
5327424
5328937
5329721
5330892
5331052
5331189
5331417
5332538
5334323
5334410
5334787
5335040
5335547
5337418
5339268
5340085
5340160
5340230
5341669
5342313
5345480
5345634
5347232
5347924
5348565
5348567
5348832
5350019
5351472
5352820
5353858
5354261
5355808
5356362
5359918
5360425
5360530
5361782
5361795
5361874
5361878
5362429
5363284
5364793
5365229
5367340
5367876
5368823
5370216
5372523
5373719
5374828
5375087
5375138
5379966
5379994
5381813
5383156
5384227
5385162
5386890
5387143
5387762
5391385
5391774
5393591
5393763
5394660
5395388
5395659
5396023
5397816
5399493
5400063
5400371
5400935
5401251
5401569
5403382
5404322
5405308
5408371
5411149
5413122
5413367
5413478
5416039
5417444
5419429
5419760
5425987
5426263
5426371
5428277
5428807
5431162
5432002
5433222
5433239
5435552
5435596
5435783
5437960
5439092
5440226
5440305
5442710
5444718
5447320
5447950
5448004
5448998
5452432
5453495
5453870
5453917
5454057
5455493
5458138
5459026
5461573
5462452
5463343
5463845
5464989
5467336
5468129
5468665
5469248
5470887
5473636
5474384
5475388
5475448
5475751
5475925
5479342
5479535
5482376
5482473
5486168
5487251
5487541
5489175
5490342
5491837
5492553
5492959
5492986
5498394
5498770
5499386
5499521
5500136
5501408
5501519
5504268
5505448
5507025
5508031
5508212
5509516
5511432
5511539
5512780
5513749
5517059
5517179
5517641
5522012
5524297
5525101
5527812
5528096
5528822
5528898
5530395
5530954
5531263
5532583
5534319
5534425
5535140
5537253
5537536
5539348
5541971
5543437
5543697
5546496
5547124
5547894
5547949
5548668
5549381
5549557
5550366
5552515
5552562
5553906
5554611
5555048
5559480
5559641
5561396
5561734
5561792
5564882
5566302
5566386
5568971
5572670
5573181
5580023
5580735
5581007
5582786
5583734
5583865
5590038
5590419
5591111
5593412
5593518
5593891
5597518
5601112
5601377
5601872
5603425
5605126
5607303
5608148
5608315
5609268
5609845
5612454
5613303
5613926
5615109
5615572
5616453
5618643
5620662
5623375
5623389
5626914
5629099
5630668
5632315
5633203
5633956
5633988
5634672
5636757
5637106
5638034
5639724
5639896
5642752
5643228
5643501
5644243
5644530
5644737
5644845
5645230
5645477
5647417
5647434
5647440
5647446
5647468
5647801
5649082
5649115
5650077
5650612
5650709
5651386
5651788
5652685
5653641
5653984
5655376
5655928
5656453
5658997
5659258
5659795
5661361
5661521
5662136
5663899
5664430
5666013
5666395
5667098
5668732
5669354
5669860
5671897
5673721
5674406
5677722
5678120
5681008
5683070
5689668
5691720
5693064
5694561
5696735
5698837
5700441
5701880
5702103
5702303
5702521
5704720
5706257
5706336
5706973
5708410
5709165
5710012
5710084
5710710
5713936
5716277
5716816
5716845
5717919
5717973
5718438
5720593
5721888
5723188
5723225
5724303
5725951
5726600
5730576
5731046
5731533
5731747
5731770
5731910
5732911
5732916
5733755
5734499
5735214
5736245
5737959
5738805
5738952
5740892
5742196
5742955
5744816
5745917
5746432
5746684
5746869
5747795
5747901
5750117
5751336
5752834
5753078
5755550
5755639
5756309
5758937
5762272
5762279
5764746
5765529
5766792
5767872
5769646
5770891
5772983
5773542
5774201
5775616
5776041
5776729
5777024
5777643
5778595
5781486
5782088
5783617
5784043
5784602
5785561
5786945
5787561
5787908
5788190
5788447
5789574
5790177
5790279
5794182
5795527
5796394
5797451
5797715
5798241
5799760
5801063
5801539
5802295
5802887
5803890
5804129
5804994
5805745
5806756
5807769
5810008
5810950
5810979
5817523
5817818
5818148
5818360
5821143
5822170
5830168
5831994
5832547
5833109
5834861
5836278
5838003
5838411
5841125
5843304
5843643
5845514
5846087
5848076
5851975
5852170
5852326
5854478
5855716
5857394
5857858
5859030
5859173
5859717
5860504
5860765
5860840
5860895
5861449
5861558
5862002
5862170
5862328
5862862
5863290
5864294
5865868
5866085
5868130
5869263
5869333
5870013
5870653
5870753
5870804
5870951
5872200
5872836
5873287
5874407
5877933
5880847
5882727
5887085
5887467
5888796
5889165
5889884
5891721
5891829
5891987
5893046
5893775
5895323
5896295
5897029
5899859
5900733
5902778
5903822
5904364
5906463
5906532
5906589
5907403
5907703
5908285
5908520
5908829
5908846
5911255
5913278
5913669
5913861
5914158
5914172
5914321
5915260
5915822
5916038
5916050
5918357
5918690
5921692
5923336
5923728
5924743
5924855
5925097
5925736
5926224
5926590
5926720
5927277
5929935
5930049
5931784
5932960
5933251
5934671
5936124
5936209
5936244
5936317
5936424
5936702
5937709
5937868
5939607
5941834
5942893
5944981
5949128
5950142
5953131
5954244
5954249
5955316
5955674
5955821
5956757
5959016
5959604
5960271
5960926
5961611
5962181
5962547
5962573
5963141
5963489
5967338
5971867
5973029
5973169
5973251
5973584
5973917
5974634
5976359
5977415
5977538
5980153
5980999
5984644
5986331
5986460
5986601
5987001
5988723
5989708
5990628
5993124
5993815
5994520
5994550
5994705
5998154
5998853
6000656
6003341
6004118
6004995
6005108
6007449
6007638
6007837
6008635
6010539
6010771
6011505
6013992
6014385
6015185
6016409
6017071
6017708
6017824
6018474
6018661
6020680
6023539
6025785
6028716
6031439
6031549
6031752
6032073
6033159
6035050
6038506
6038890
6040881
6041467
6041734
6041954
6042747
6044167
6046173
6046900
6047986
6051320
6051589
6052115
6052181
6053175
6055300
6056338
6057128
6057599
6057779
6058733
6059436
6063586
6063930
6064032
6064485
6064573
6064785
6065911
6067417
6067651
6070755
6071437
6072660
6072740
6077614
6078966
6079731
6081480
6082170
6082464
6083594
6084007
6085401
6085484
6085594
6086215
6087325
6087477
6089069
6090527
6092940
6095170
6095505
6095954
6096089
6096884
6097319
6097977
6099100
6100028
6100675
6101608
6102942
6107642
6109840
6110342
6115268
6116659
6118364
6119080
6122548
6122565
6122629
6123086
6124053
6125676
6126511
6127248
6127502
6129002
6130949
6131401
6132130
6132706
6135134
6135729
6136179
6136475
6138777
6139812
6140427
6141054
6141117
6141525
6141637
6141708
6143382
6144019
6144300
6144978
6145113
6146133
6146870
6148159
6148176
6148296
6152521
6152576
6152631
6153164
6153390
6154553
6154973
6157291
6157431
6164746
6164923
6166604
6166617
6167648
6167933
6169624
6170317
6170389
6171570
6172252
6174566
6175728
6176609
6176734
6176788
6177273
6179276
6180875
6181284
6181423
6182477
6183542
6184541
6184810
6186106
6186159
6186887
6189585
6190091
6190283
6190970
6191429
6191743
6191973
6192195
6192602
6193901
6194024
6194028
6195138
6195166
6196910
6197755
6200443
6200558
6201579
6202377
6202741
6202955
6203397
6203794
6204146
6206445
6207404
6208083
6208365
6208683
6209790
6210207
6210236
6210486
6210961
6211609
6214064
6214459
6216337
6218749
6219238
6219251
6220334
6220495
6220928
6220981
6221007
6223757
6223934
6224443
6225501
6226064
6227582
6228227
6228838
6228933
6229804
6230450
6231678
6232283
6233201
6233917
6236665
6236982
6237130
6237154
6237535
6239653
6241131
6242174
6242986
6243458
6245279
6247180
6250934
6251218
6254127
6255600
6255724
6258846
6259565
6259890
6261388
6263586
6263715
6263790
6263840
6265660
6268438
6270024
6271517
6271586
6271699
6272758
6273050
6274124
6274459
6274765
6276389
6277424
6278386
6279561
6279593
6280127
6280280
6280311
6281670
6282497
6282576
6284230
6285391
6286321
6286807
6287044
6287472
6288323
6288811
6289900
6290366
6290430
6291018
6291234
6293023
6293694
6293720
6293729
6294057
6294087
6294120
6294126
6294141
6294220
6294234
6294286
6294412
6295555
6295623
6295703
6296793
6297456
6297756
6298365
6298568
6299406
6299663
6300367
6301221
6303103
6303763
6304666
6305151
6306324
6306700
6308308
6312522
6312791
6312999
6313533
6315147
6315245
6315321
6315698
6316011
6316362
6316461
6316720
6316781
6317165
6317204
6318147
6318607
6319258
6320861
6320910
6321310
6322814
6323185
6323411
6323493
6324519
6324692
6325847
6327089
6328224
6328404
6328953
6329196
6330043
6331133
6331819
6332171
6334552
6335757
6336272
6336299
6336994
6338183
6338751
6339445
6339596
6340165
6340341
6340749
6341070
6341404
6341529
6342488
6343091
6343582
6344280
6344435
6346721
6347165
6348201
6348342
6348418
6349190
6350397
6350678
6351837
6352989
6354652
6356897
6359414
6360074
6362940
6363908
6364029
6364660
6366676
6367027
6369450
6370074
6371429
6372281
6372428
6373996
6374168
6374195
6375242
6375395
6376452
6376973
6377678
6377895
6378594
6379155
6381320
6382913
6383260
6383443
6384688
6386284
6387511
6388599
6388761
6389532
6390344
6390734
6391346
6391361
6392738
6392892
6392957
6393022
6393199
6393249
6394044
6394341
6395402
6396132
6396479
6396606
6396812
6397129
6397163
6397923
6398411
6398886
6399268
6399804
6400336
6400582
6401249
6403158
6403437
6403586
6403606
6403951
6405022
6406954
6408270
6408540
6410555
6410863
6412408
6413111
6414578
6414599
6414785
6415032
6415983
6416170
6416230
6418975
6419445
6423781
6425231
6426573
6428374
6429998
6432313
6432637
6432730
6432785
6432981
6434463
6436918
6441514
6442757
6444085
6444198
6447195
6447455
6448510
6449502
6449880
6450694
6451207
6452751
6453008
6454021
6455076
6456061
6457208
6457391
6459351
6460672
6465883
6466902
6471461
6473853
6473916
6474348
6475806
6476039
6476188
6476237
6476238
6476304
6476596
6476982
6477009
6477426
6477660
6477697
6478428
6479023
6479380
6479755
6480020
6480120
6480297
6481107
6482401
6483714
6483741
6483954
6484146
6485384
6488841
6488973
6489179
6492240
6493375
6493533
6493776
6495513
6496128
6498552
6499150
6499918
6500072
6502275
6506051
6506799
6507879
6508095
6510234
6510440
6510646
6510664
6512665
6515833
6517222
6518515
6518960
6519788
6521937
6522467
6523138
6526060
6528905
6530280
6534680
6534886
6536151
6536487
6536575
6536853
6537670
6537925
6540357
6540888
6541360
6541925
6542305
6544888
6546579
6547943
6548441
6549350
6549523
6550932
6553473
6553523
6553705
6554168
6554794
6554857
6555316
6557017
6558491
6559373
6562443
6562561
6563481
6564783
6566754
6566904
6567330
6568175
6570555
6571680
6571741
6572324
6572514
6572641
6573754
6574212
6574707
6576850
6579782
6580302
6580484
6580638
6582114
6582738
6583239
6586832
6587277
6589550
6596100
6597462
6598641
6598797
6599499
6600081
6601102
6601467
6602614
6602835
6602890
6603623
6604857
6607800
6609556
6610088
6610374
6611443
6614348
6619371
6620992
6624882
6626007
6626124
6626178
6629663
6631665
6631695
6634951
6635639
6636150
6636678
6639033
6639258
6640344
6640842
6642472
6645121
6645384
6645424
6646529
6647486
6647526
6653697
6654250
6654762
6655295
6655598
6657525
6657743
6657974
6660787
6660941
6661793
6664788
6667138
6667255
6668457
6670430
6672433
6673081
6673981
6674267
6674938
6675506
6675667
6676052
6678405
6678942
6681826
6682336
6684606
6685623
6686872
6686927
6687145
6687868
6690303
6690317
6690731
6691870
6692713
6692752
6694524
6695252
6695850
6696477
6696695
6697098
6698230
6698816
6701011
6701149
6701538
6701879
6703467
6705368
6707583
6707636
6709818
6710160
6710403
6710853
6711572
6711901
6712600
6712701
6712792
6712814
6712864
6713775
6714600
6714796
6715635
6717042
6720085
6720567
6720568
6720763
6721195
6721405
6721690
6721722
6723075
6724696
6727245
6727499
6729525
6729555
6732459
6732709
6733445
6733865
6734682
6735878
6735979
6736374
6736701
6736913
6738774
6742015
6743503
6743644
6745080
6747556
6748607
6749721
6750196
6750749
6751138
6751282
6752418
6752811
6755003
6755212
6757679
6759538
6760443
6761829
6762316
6763413
6763920
6764968
6766113
6768169
6768550
6770077
6770366
6770688
6771058
6772934
6773104
6774284
6774336
6775648
6775674
6777803
6778495
6783115
6783862
6785184
6785385
6785608
6787420
6788785
6789046
6789321
6789479
6789522
6790521
6791062
6791136
6793695
6796370
6797189
6797948
6798379
6798454
6799124
6801173
6801987
6802348
6802499
6803300
6804075
6805431
6806825
6807264
6808098
6808235
6808519
6810903
6811190
6812703
6813670
6813794
6816429
6820123
6820199
6820422
6822827
6823914
6825902
6826689
6827380
6830746
6831801
6832978
6834357
6835422
6836640
6838230
6840393
6840599
6843272
6844693
6845022
6853271
6855781
6855848
6856786
6857714
6858297
6858349
6859108
6859188
6862904
6863688
6865140
6865631
6866521
6866903
6867276
6868234
6871362
6871393
6871512
6874795
6875433
6875566
6875747
6876934
6878023
6878550
6878611
6879282
6880016
6883000
6883654
6884054
6884324
6884356
6884834
6885987
6886021
6886841
6887139
6887684
6887748
6888469
6890579
6892075
6892438
6893563
6894508
6894799
6895051
6895835
6895910
6895924
6897641
6897861
6899120
6899731
6899935
6900213
6900996
6901823
6902029
6903714
6904873
6905011
6905144
6905193
6905841
6906524
6906817
6908247
6908295
6908538
6912426
6912722
6912764
6913886
6914252
6914612
6915446
6917270
6918844
6919003
6925454
6926057
6927221
6928323
6932178
6932199
6935244
6935840
6936523
6936571
6936793
6938314
6938475
6941166
6946623
6947721
6948459
6951544
6954807
6956845
6957105
6958424
6958899
6961479
6961608
6962384
6962785
6964200
6965175
6965314
6965791
6966402
6966895
6968281
6969076
6969253
6969562
6971812
6972254
6972321
6972546
6974761
6975273
6977421
6978304
6978570
6978986
6981144
6982365
6982588
6982932
6983068
6983649
6984737
6985560
6986805
6989153
6989376
6989424
6990217
6990653
6992595
6993718
6995892
6996510
6996658
6997946
6997971
6999023
7000504
7002928
7007660
7007832
7008324
7010029
7010575
7012947
7013005
7013157
7013472
7013847
7013932
7014096
7014184
7014309
7014424
7014535
7014642
7014688
7015982
7016062
7016725
7016775
7017567
7017921
7018356
7021404
7026573
7027417
7027641
7027741
7027827
7029868
7030176
7030498
7030989
7031612
7035740
7037183
7037474
7042082
7042577
7044818
7046041
7046530
7047412
7048633
7048725
7049357
7050862
7050889
7052297
7054153
7054345
7054818
7055119
7055495
7056768
7059548
7063207
7063786
7068949
7069476
7070661
7070909
7072274
7072440
7074313
7077520
7079269
7079466
7081962
7082238
7083511
7083972
7086686
7087074
7089452
7090770
7091196
7091595
7091897
7093026
7094880
7096431
7097370
7099231
7103525
7103825
7104319
7104526
7104549
7106778
7106859
7106916
7107046
7107221
7107270
7107357
7107480
7107529
7107600
7107685
7107779
7107957
7108034
7108117
7108392
7108575
7108750
7108975
7110325
7112491
7112761
7114759
7114846
7115261
7115360
7115652
7115845
7115914
7115971
7116063
7116390
7116453
7116808
7116906
7116989
7117130
7117182
7117305
7117392
7117555
7118349
7118511
7120770
7121383
7122930
7123004
7123289
7125118
7125457
7128777
7129354
7131771
7132270
7133453
7133737
7133792
7134567
7134771
7136664
7136806
7137787
7138040
7141927
7141944
7142576
7142850
7143103
7144434
7145098
7145934
7147844
7149255
7151748
7154723
7154993
7155105
7155121
7156620
7158424
7159004
7159691
7161053
7162647
7163309
7164037
7165414
7165771
7166094
7169810
7170514
7172802
7173942
7175851
7175898
7176288
7177051
7177803
7178337
7179552
7179727
7179937
7184539
7185214
7186102
7187449
7189491
7191129
7191897
7191975
7192705
7193698
7194091
7194751
7194967
7195845
7197771
7198337
7199054
7200128
7200509
7204022
7208594
7209644
7210457
7210637
7211596
7211727
7211925
7214232
7216609
7217318
7217563
7219053
7219089
7219124
7228848
7228996
7229419
7230216
7230320
7230331
7232240
7232776
7235626
7235915
7238324
7242677
7242735
7242842
7242970
7247494
7251162
7252108
7255743
7256873
7258762
7259902
7261834
7262454
7262488
7265676
7267380
7268321
7268831
7270810
7270852
7272566
7274289
7275466
7277530
7278160
7278816
7278972
7283314
7285242
7285548
7286039
7286652
7287620
7287713
7289641
7290100
7291157
7291279
7295394
7296602
7296964
7297669
7298266
7298544
7299740
7300496
7300949
7301521
7305826
7306084
7306732
7307163
7308910
7309227
7309501
7309975
7311058
7311682
7311862
7314912
7315708
7317233
7318285
7319779
7321726
7323941
7324721
7324863
7326521
7329514
7329672
7330284
7331109
7331674
7331759
7332898
7333811
7334333
7334775
7334907
7335452
7336101
7338237
7339043
7339822
7339835
7339868
7340076
7341897
7342065
7343288
7343661
7343667
7344512
7344640
7346741
7347829
7348538
7349480
7350395
7351935
7352478
7353195
7357353
7357364
7359419
7361490
7362044
7363605
7364769
7366461
7366485
7366839
7369370
7369608
7371114
7371490
7371813
7371923
7372722
7373300
7373455
7375444
7375842
7376541
7377548
7377703
7377996
7379487
7382481
7383647
7385433
7385547
7385845
7386564
7386994
7387302
7389564
7390151
7391105
7391661
7392727
7393251
7394598
7397522
7397850
7398987
7399915
7400102
7400175
7402168
7402830
7404978
7405222
7408421
7408559
7409621
7411093
7411320
7412679
7413094
7413529
7413566
7414098
7415516
7415919
7416719
7416832
7417917
7418046
7418152
7420384
7422142
7423511
7423649
7424371
7425402
7426027
7427068
7428818
7428851
7432141
7432641
7433198
7435891
7436513
7436601
7436917
7438761
7442422
7442778
7444200
7445942
7447670
7448913
7450023
7450541
7450656
7454552
7456743
7456873
7456929
7457258
7458188
7459541
7461084
7463777
7463829
7466282
7467203
7467522
7470665
7470976
7471494
7473255
7475385
7477702
7480285
7481520
7482026
7482722
7483907
7487075
7487944
7493368
7493800
7494395
7494776
7495447
7495732
7496391
7496689
7497023
7497162
7497736
7498190
7498235
7500374
7501117
7501488
7501998
7502557
7502704
7504245
7508762
7511442
7511702
7511742
7512503
7512934
7513563
7513939
7514250
7514375
7514683
7514741
7515434
7515577
7515826
7516081
7516099
7516215
7516328
7516421
7516627
7516863
7517097
7517491
7519010
7519868
7520071
7520495
7521537
7521807
7522183
7522379
7522394
7522966
7523546
7523883
7523900
7528296
7529493
7529734
7530154
7530908
7532924
7534571
7535638
7538148
7541761
7543437
7545611
7547953
7549154
7550049
7550969
7551026
7551791
7551940
7552247
7552522
7553221
7553893
7554012
7554031
7554726
7555570
7555593
7555766
7556723
7557332
7558020
7560883
7561710
7562914
7566396
7567732
7568147
7568638
7568775
7568897
7568912
7569914
7570665
7573495
7574489
7574835
7578196
7578498
7579429
7580165
7581553
7582825
7584602
7585323
7585798
7585808
7587106
7587171
7587709
7588227
7588488
7588660
7589364
7590841
7592137
7592498
7594918
7595127
7595200
7595648
7599808
7601236
7602332
7603145
7603325
7603932
7605566
7607918
7608627
7609952
7610392
7610550
7612530
7613226
7614472
7615294
7615916
7617929
7619507
7620099
7622180
7622263
7622721
7625010
7626696
7628623
7629968
7631982
7632278
7633109
7633671
7633822
7633945
7634231
7636090
7637999
7639010
7641659
7644102
7645661
7648866
7649476
7650615
7653015
7653110
7655890
7656244
7656505
7658585
7658611
7660671
7661487
7661648
7661811
7661869
7661944
7662970
7663454
7664078
7664152
7664197
7664463
7664631
7665115
7665433
7665476
7667343
7667656
7667938
7667984
7669425
7670006
7670199
7671330
7672100
7672327
7673229
7673783
7677083
7679597
7682547
7682878
7682885
7683902
7688938
7691169
7691986
7692301
7693216
7695526
7695832
7696660
7696794
7697485
7699638
7700925
7702720
7702759
7703451
7705153
7706288
7706889
7706922
7707284
7708520
7709195
7711167
7711367
7711523
7713922
7714445
7716800
7717051
7717556
7719657
7721210
7721739
7722907
7723846
7723943
7725994
7727719
7730043
7731237
7731279
7731408
7731680
7732904
7735910
7737233
7737267
7737733
7738937
7740992
7743924
7744007
7745599
7746237
7747785
7747884
7748649
7748726
7749102
7750297
7750506
7751556
7752019
7752115
7754165
7754458
7755756
7756790
7757104
7757323
7757480
7757606
7757740
7757931
7758704
7758862
7759861
7761627
7764512
7764519
7764702
7765660
7766706
7767534
7767919
7769226
7770868
7771652
7772779
7774056
7774554
7777184
7778717
7784921
7785356
7785936
7786811
7787610
7788306
7788523
7788744
7788938
7789316
7789528
7790118
7791913
7794864
7796387
7800254
7801665
7802299
7803629
7804928
7806295
7806787
7810193
7810503
7810826
7812383
7812413
7812654
7812745
7812907
7814573
7816830
7817958
7818248
7819230
7820018
7820832
7820856
7821883
7822050
7822848
7824899
7825302
7826377
7827769
7829383
7829967
7830746
7832301
7832494
7836347
7836446
7836699
7837969
7838643
7838682
7839931
7842671
7843083
7843233
7843904
7844422
7844531
7845882
7846530
7851424
7854401
7856035
7856286
7858208
7858735
7859116
7864271
7865650
7866517
7866707
7869433
7870628
7870828
7871717
7871899
7872485
7873676
7873909
7874433
7874741
7874918
7876219
7878528
7879148
7881862
7882314
7882468
7883443
7884608
7886883
7887234
7888542
7888831
7889197
7889582
7891125
7891605
7892041
7894260
7894330
7894964
7895806
7897844
7898200
7898276
7899532
7901831
7901913
7904145
7905957
7907154
7908691
7909978
7911771
7912366
7912459
7913146
7913977
7914299
7914820
7914934
7915789
7916389
7916613
7918108
7918110
7918258
7919029
7920512
7920841
7921250
7921628
7922399
7922604
7922830
7924487
7926260
7926458
7927170
7927623
7928683
7928745
7928825
7933090
7933182
7934039
7934179
7934243
7935583
7938252
7938773
7939718
7939728
7940225
7942314
7942499
7943289
7944133
7944675
7945087
7945522
7947518
7948279
7949458
7949936
7952319
7953989
7954117
7954652
7956538
7957393
7958944
7959212
7959485
7960210
7960265
7960384
7960546
7961569
7964371
7964428
7965024
7966045
7966317
7966888
7968476
7975318
7977938
7979240
7980276
7980936
7982449
7989115
7994244
7994576
7996628
7997203
7998495
7999777
8000840
8001991
8002241
8002393
8002412
8004921
8006823
8008060
8008928
8009646
8009752
8010336
8012875
8014253
8014657
8017948
8019277
8024271
8025424
8026445
8027898
8028331
8028993
8029283
8030254
8030572
8030996
8031427
8031868
8033395
8034094
8037355
8037397
8037922
8038416
8040415
8040907
8041325
8041526
8043976
8046274
8047433
8047672
8048470
8048507
8048934
8049024
8049058
8049707
8049961
8050657
8051185
8051889
8052070
8053362
8054255
8055282
8056212
8056214
8057047
8061039
8061788
8062038
8062170
8064315
8064844
8066492
8066853
8067647
8068917
8068987
8069394
8069565
8070163
8071143
8071224
8071497
8071528
8071578
8071945
8072156
8073066
8074845
8075560
8075682
8075855
8077712
8078087
8078785
8081545
8084077
8084616
8086844
8087057
8087785
8087853
8089510
8089836
8089856
8090618
8090744
8091023
8091113
8091478
8091547
8091816
8094003
8094026
8095056
8096928
8098398
8099229
8099901
8100347
8100419
8101997
8102081
8104498
8104941
8105388
8106646
8108914
8110132
8113013
8113291
8115221
8115257
8116686
8118993
8119750
8121539
8121550
8122012
8123211
8123987
8124243
8124426
8124451
8125450
8125730
8126625
8127976
8128095
8128201
8128754
8130319
8132799
8133195
8133747
8134323
8134479
8134507
8138062
8138420
8139343
8139709
8139863
8140122
8142859
8143082
8145182
8145499
8145554
8145963
8146830
8147306
8152756
8153199
8154237
8156587
8157110
8157570
8159832
8160153
8161336
8162848
8162993
8165086
8165497
8167154
8170737
8173444
8174107
8175366
8178658
8179985
8180148
8180750
8181885
8182502
8183211
8184884
8185270
8185600
8185840
8186340
8186632
8186930
8187765
8187796
8187979
8188294
8188762
8193786
8197371
8199605
8201584
8202708
8203757
8206263
8206957
8209471
8211979
8213179
8214873
8216389
8216390
8218019
8218253
8218598
8219023
8219463
8219877
8222286
8224184
8225910
8229234
8232298
8236772
8237667
8239146
8240845
8242723
8242892
8244402
8245005
8245263
8248214
8248732
8249674
8250649
8251758
8252466
8253857
8254055
8254184
8257440
8257891
8260133
8260442
8261385
8262678
8263246
8263585
8265921
8266534
8267418
8268485
8268531
8270995
8272520
8273290
8274175
8274368
8275259
8275486
8276013
8276105
8276372
8276639
8279314
8279727
8279789
8280068
8280100
8281626
8283012
8283747
8285356
8286073
8287977
8288427
8288539
8292577
8293254
8294313
8294695
8294977
8295128
8295156
8296405
8296752
8297589
8300263
8302843
8302990
8304335
8304495
8305635
8307458
8307690
8308340
8309636
8310773
8311572
8312646
8313133
8313772
8313897
8314410
8314698
8315316
8317058
8317308
8318543
8318670
8318735
8318773
8320806
8321932
8322391
8323908
8324422
8326457
8326608
8327265
8327590
8327767
8329563
8329774
8332826
8332849
8334702
8335639
8336691
8338940
8339638
8341461
8341467
8342843
8345106
8346514
8347067
8348143
8349427
8352232
8355195
8356171
8357256
8358873
8359361
8359960
8360540
8361291
8361841
8363007
8363415
8364444
8365351
8366040
8367502
8367928
8374252
8374457
8374460
8374474
8374969
8374995
8375223
8375750
8379220
8379635
8380775
8382329
8383125
8383357
8386490
8387439
8387654
8388578
8389825
8389908
8391258
8391942
8392071
8393063
8394003
8394036
8396044
8396669
8396984
8400087
8402665
8405326
8406157
8407027
8408268
8408853
8412984
8417962
8420314
8420957
8421096
8422278
8424288
8425511
8425733
8425738
8426388
8426442
8427109
8427983
8429286
8429464
8429628
8430290
8430838
8431043
8431895
8434388
8438014
8438619
8438839
8439065
8441405
8442743
8446400
8447002
8448019
8449649
8449990
8451295
8452185
8452839
8456493
8459082
8459879
8460600
8466402
8468799
8468868
8469261
8469269
8469733
8470017
8470142
8470520
8470707
8471941
8473020
8473389
8474371
8475678
8475780
8475787
8476611
8477566
8478197
8478766
8479617
8480112
8480411
8480615
8482181
8482613
8482897
8483478
8484591
8484842
8485446
8486984
8489538
8491712
8492119
8494241
8494897
8494969
8495528
8495825
8497889
8499464
8501396
8502602
8502661
8502720
8503663
8503807
8504134
8504315
8504694
8505810
8506757
8506826
8508247
8509264
8509522
8509698
8509951
8512075
8513304
8514133
8515177
8516261
8517190
8519576
8522763
8524262
8525103
8525273
8525514
8525941
8526036
8527813
8528892
8529638
8530154
8530463
8531993
8533420
8533857
8533924
8535022
8535036
8545446
8545599
8545906
8546251
8546330
8548174
8549029
8549957
8550020
8550717
8551824
8553357
8553567
8553977
8555548
8556802
8557949
8558968
8562308
8564062
8564445
8564843
8565233
8566021
8567103
8567613
8569538
8572182
8572825
8573525
8578756
8579736
8580418
8581069
8581536
8581906
8583691
8583906
8584023
8586098
8587904
8587937
8588476
8588836
8590802
8591027
8591415
8592110
8593585
8594982
8597160
8597669
8599145
8599328
8599329
8599656
8600775
8600899
8602147
8603199
8604118
8604536
8606223
8607518
8609884
8611677
8612472
8613049
8613327
8615052
8615346
8617022
8617445
8617505
8620364
8620661
8621487
8621851
8622952
8625339
8626500
8627687
8629420
8631861
8633102
8634449
8637187
8638778
8638939
8639983
8640141
8640190
8640698
8642903
8643400
8643642
8645558
8650385
8650628
8650862
8652397
8655556
8655829
8657223
8657477
8657710
8658739
8658837
8659831
8659949
8660185
8661337
8662215
8662896
8663626
8664469
8665262
8667245
8667851
8668650
8669824
8671787
8673136
8673909
8674320
8675147
8676048
8677576
8679210
8680095
8681173
8681852
8683318
8683501
8690516
8691154
8691574
8692796
8693386
8695020
8696498
8698246
8700786
8703689
8703738
8704864
8707118
8707123
8707271
8707548
8708029
8709400
8709557
8710147
8712272
8712437
8716035
8717470
8718879
8719628
8720371
8720781
8721654
8721694
8721959
8722988
8723174
8723387
8723835
8726986
8729026
8729190
8729630
8730169
8730348
8731325
8731498
8735880
8738232
8738633
8738963
8740755
8740800
8741169
8743219
8749273
8749627
8750399
8751593
8752264
8752936
8753449
8753911
8754593
8755843
8756470
8756778
8758848
8760740
8762474
8762540
8765983
8767199
8768801
8769830
8775605
8777505
8777630
8778535
8779943
8781596
8781727
8785708
8786080
8786634
8787831
8788667
8789941
8790771
8793399
8795369
8797393
8799941
8800402
8800523
8800628
8800973
8801345
8801684
8802289
8804230
8804338
8805072
8806454
8806687
8808260
8808914
8809383
8812972
8813373
8813705
8815515
8816064
8816545
8817403
8818104
8818379
8818529
8820238
8820242
8822707
8823085
8824169
8824242
8827264
8828817
8829656
8830522
8832965
8835848
8837061
8839501
8841391
8842767
8845416
8845474
8848114
8848724
8849527
8849672
8850136
8850363
8851508
8854002
8854822
8856682
8857038
8857331
8857490
8858073
8858587
8859724
8859806
8861916
8863223
8864254
8865019
8866144
8867008
8869779
8869941
8870219
8873164
8874494
8875912
8875950
8876664
8877077
8879229
8879554
8880353
8881548
8881927
8881933
8885110
8885981
8887525
8889096
8891338
8893179
8895250
8895992
8896192
8896673
8897055
8897647
8899831
8902294
8902411
8904360
8906560
8908266
8908919
8910291
8912125
8912143
8912220
8914275
8915519
8916047
8918502
8919042
8919396
8919691
8921780
8922715
8924682
8925539
8927209
8927301
8928439
8929361
8930190
8931149
8932435
8933336
8935746
8935749
8936444
8937614
8939388
8940342
8941129
8941471
8941703
8942712
8943752
8944959
8946498
8948007
8948292
8948739
8950070
8950691
8951141
8953898
8954230
8956214
8956592
8956788
8957945
8960748
8961181
8963179
8964283
8966296
8967704
8968205
8974457
8976532
8978142
8979311
8980703
8981536
8981974
8982275
8983478
8984770
8985298
8985530
8986356
8986909
8987304
8989655
8990882
8991590
8993295
8993906
8994050
8994759
8995501
8997326
8997630
8998791
8999042
8999920
9000858
9001418
9001896
9002046
9004229
9004417
9004520
9005193
9007304
9010012
9011352
9011709
9011883
9012256
9012666
9013145
9013625
9015605
9017344
9018206
9018354
9020290
9021262
9021840
9024921
9025212
9030838
9031140
9034681
9035128
9038808
9039656
9039773
9039914
9044203
9044701
9045581
9046140
9046876
9047217
9052353
9052490
9052749
9053066
9054687
9055118
9055173
9055231
9057297
9057834
9057883
9058494
9059461
9060068
9061127
9061324
9062567
9062991
9064323
9065986
9066514
9066660
9068062
9068226
9068228
9068562
9069367
9070464
9071599
9072631
9072799
9072830
9076244
9078756
9079453
9079682
9079752
9082488
9082830
9082998
9087503
9091124
9093031
9093097
9094649
9096324
9097189
9097338
9097639
9100128
9100516
9100798
9102070
9102217
9102952
9103689
9104616
9104735
9104856
9105777
9105819
9106271
9107023
9108242
9108401
9108471
9108739
9109020
9109809
9109869
9110660
9111127
9111604
9111831
9111928
9112263
9115513
9116247
9117747
9118280
9118741
9118747
9118875
9119039
9119563
9119645
9121526
9121764
9123190
9126228
9126584
9128170
9128212
9130513
9132860
9133207
9136678
9140209
9142480
9143164
9144465
9145402
9145454
9145571
9146656
9147582
9147629
9148736
9151790
9153812
9155017
9156227
9158108
9160796
9161218
9165364
9167294
9167454
9167513
9168875
9170628
9171121
9172241
9174199
9174268
9174952
9177821
9177911
9178427
9178913
9180109
9180271
9180842
9181454
9181956
9183139
9183214
9183822
9184089
9185057
9185199
9186824
9188299
9189255
9189861
9191098
9191184
9191821
9192053
9193636
9195039
9200452
9200863
9204919
9205689
9205696
9207537
9208111
9208551
9208582
9208662
9208791
9209387
9210104
9210723
9210849
9211168
9211233
9211322
9211775
9211833
9217051
9219167
9219735
9219864
9221383
9223291
9223393
9223782
9224343
9224367
9224375
9224905
9226578
9227741
9228807
9231059
9232147
9233048
9237084
9237175
9238878
9239466
9239850
9241864
9242525
9243281
9245047
9245313
9245367
9246213
9246367
9246566
9248049
9248969
9248987
9249018
9251564
9251806
9253580
9253660
9255058
9257993
9258480
9259413
9260576
9260895
9262945
9263403
9266898
9267351
9267928
9269859
9271173
9273868
9274719
9275174
9278058
9280203
9280403
9282772
9283588
9284960
9285773
9285817
9286116
9286360
9288924
9290232
9291096
9294616
9295284
9297792
9299293
9299726
9301930
9304201
9304692
9306056
9306935
9306958
9307520
9308082
9308248
9308692
9310405
9311252
9312736
9313340
9313473
9313793
9315031
9315495
9315496
9317385
9318057
9318116
9318737
9319340
9320763
9323433
9323953
9324416
9325768
9328286
9332044
9332647
9334462
9335184
9336400
9336500
9336774
9342380
9344134
9345702
9346026
9348262
9350607
9351078
9351678
9353054
9353276
9353295
9353359
9355355
9357376
9358995
9359263
9359706
9360431
9360694
9361586
9362498
9362971
9363662
9363715
9364417
9365075
9365579
9365747
9366839
9367675
9367695
9367865
9369519
9371742
9371918
9372086
9372265
9372316
9372436
9373318
9373815
9374231
9375221
9375515
9377168
9379720
9380367
9380785
9381621
9382208
9384526
9384689
9387929
9392784
9393443
9395456
9395746
9396524
9397813
9397872
9398507
9399458
9400200
9400538
9401292
9401602
9401948
9402721
9403321
9404671
9405046
9406477
9406731
9406755
9407373
9408356
9409130
9409419
9410310
9410778
9411532
9411778
9411963
9412127
9412521
9414075
9414223
9416027
9416867
9417968
9421978
9422178
9424865
9425367
9426247
9426862
9427354
9427488
9427829
9430488
9432870
9433078
9433660
9433958
9436926
9438163
9438776
9439871
9440076
9441329
9441738
9445466
9447158
9448573
9449700
9450801
9450889
9452362
9453124
9454807
9455973
9457692
9457805
9458840
9459089
9460788
9460916
9462900
9464899
9465176
9467351
9469493
9470113
9471430
9474947
9475608
9475883
9477428
9479573
9479765
9482672
9483398
9483612
9483780
9483830
9484884
9485559
9486635
9489145
9489889
9490224
9491554
9491710
9492304
9492459
9492535
9492763
9494400
9496312
9496951
9498096
9499785
9499964
9499990
9500723
9501795
9501919
9502900
9503490
9503545
9504211
9504315
9505341
9506857
9508777
9509066
9509114
9511086
9511092
9511210
9511804
9513566
9514969
9516742
9517533
9520526
9520688
9520692
9522167
9522829
9523780
9524259
9524617
9526455
9527270
9527405
9527669
9529084
9529845
9531637
9532472
9533190
9533452
9534281
9537684
9540443
9543468
9544252
9544295
9544641
9544702
9545929
9545978
9546458
9548164
9549163
9549502
9549966
9550889
9552575
9553039
9554780
9557653
9559032
9561470
9562139
9562731
9563365
9564920
9566235
9566830
9566976
9567457
9567662
9567748
9568138
9568201
9568295
9568443
9569426
9570066
9570881
9570986
9571344
9571935
9573609
9574673
9574860
9575901
9576803
9576860
9577967
9581233
9581383
9583470
9584538
9585627
9586075
9586891
9587190
9590232
9590635
9591464
9592778
9595312
9596615
9599506
9599741
9599780
9599994
9601295
9601577
9602035
9603270
9604167
9606016
9607305
9611163
9612245
9613679
9613939
9616703
9617523
9617870
9618183
9618900
9622464
9623411
9623575
9623894
9623904
9623919
9624017
9624640
9625789
9626431
9626529
9627974
9636040
9636285
9636556
9639341
9639814
9641354
9642009
9642598
9643672
9644470
9645095
9646079
9646202
9646487
9646705
9646982
9648000
9650069
9650529
9652350
9653665
9654558
9654716
9656413
9658317
9659038
9661872
9663427
9663737
9663837
9666010
9667058
9667453
9668513
9670542
9671508
9671537
9672843
9673013
9673227
9674841
9678112
9678687
9679321
9680754
9681350
9683098
9683440
9683490
9683995
9684681
9684877
9685310
9688222
9688227
9688546
9688821
9690294
9692016
9692583
9693491
9693620
9693670
9694440
9694556
9695641
9696620
9699539
9702826
9705204
9705679
9705918
9706949
9708386
9709785
9710538
9710754
9710822
9712305
9716937
9717816
9718220
9718447
9719281
9719941
9720695
9721884
9722274
9726701
9727092
9727756
9728807
9730236
9733597
9734037
9734742
9736873
9737068
9737265
9737278
9737593
9738105
9741179
9742224
9744963
9745196
9745944
9746059
9746688
9747349
9748094
9748215
9748548
9749340
9752997
9753397
9754093
9755939
9756271
9757065
9758653
9760692
9762896
9764214
9764433
9764768
9765739
9767319
9767517
9767837
9768986
9769726
9770213
9770465
9770876
9772171
9775453
9776553
9776864
9777693
9778800
9778818
9779255
9779743
9779877
9780449
9780524
9781053
9781167
9781613
9782971
9784815
9785543
9786489
9787014
9789671
9791301
9792884
9792940
9793369
9795761
9796315
9797128
9797951
9798750
9801076
9801417
9801828
9803281
9803923
9804623
9805182
9806753
9809978
9810024
9812264
9812358
9813777
9814833
9814851
9815793
9816042
9816187
9817377
9823403
9823789
9824216
9824543
9828159
9829647
9829717
9830485
9831000
9836420
9839325
9839443
9841197
9842063
9842188
9843287
9844739
9844759
9846617
9846644
9846778
9846924
9847233
9847418
9847520
9848754
9849326
9850860
9851564
9855650
9859709
9861595
9862059
9862196
9862280
9862285
9862506
9862587
9863406
9866050
9866676
9866750
9867272
9868776
9871201
9871587
9872154
9872423
9873525
9874254
9881422
9882007
9884283
9884510
9884911
9886523
9886671
9887773
9889064
9889579
9891937
9893312
9893840
9893843
9894192
9901231
9901262
9901470
9901754
9902164
9903159
9905200
9907994
9908579
9911044
9912764
9913495
9914409
9914675
9915566
9916192
9918056
9918151
9920920
9921171
9921859
9923414
9926802
9927837
9927888
9928657
9929838
9929905
9932009
9932981
9935389
9935457
9935799
9936355
9936910
9937209
9937475
9937735
9937982
9938786
9939280
9939466
9940151
9940691
9941048
9941251
9945080
9946543
9950153
9954316
9954385
9954581
9954961
9955670
9958505
9960509
9963435
9963903
9964051
9964102
9967109
9967419
9969343
9970340
9972789
9973610
9973707
9974063
9975442
9977122
9977627
9978806
9979445
9979589
9980030
9980131
9981437
9981485
9981601
9981784
9982582
9983185
9983885
9984588
9984784
9985981
9986181
9986826
9987903
9989996
9990897
9998105
9998218
9998932
10000846
10004758
10005794
10012590
10013921
10017406
10018359
10019706
10020907
10024205
10026345
10028251
10034467
10037350
10037389
10038230
10040542
10041149
10041331
10041889
10044950
10045604
10046321
10047229
10051698
10052111
10052572
10053134
10053635
10053762
10057598
10058607
10065316
10067436
10067814
10068032
10069408
10069782
10070141
10070192
10070466
10070866
10070929
10075229
10076874
10077293
10080488
10082188
10082622
10083220
10085180
10085973
10086485
10086598
10086854
10087338
10087542
10089310
10092142
10093902
10095038
10095055
10095113
10095817
10095925
10096679
10099014
10101096
10103008
10103703
10103990
10104980
10105504
10105641
10105666
10107748
10109339
10110253
10110434
10113073
10113181
10115358
10116307
10120782
10122186
10126177
10126917
10131188
10132425
10132890
10135788
10137063
10137417
10137637
10138335
10142246
10142362
10142715
10143263
10145512
10146000
10150380
10151879
10152704
10153757
10153786
10154002
10154233
10154642
10156626
10156670
10157523
10157582
10158299
10160118
10161947
10163626
10164275
10164350
10166958
10167703
10167957
10168002
10168426
10169546
10170043
10172542
10174443
10174923
10175512
10175854
10176935
10178003
10178319
10180450
10180815
10181445
10183072
10185197
10185210
10186331
10187591
10187669
10191328
10194957
10195910
10199389
10201790
10203032
10205756
10206553
10206872
10208296
10209129
10209841
10210816
10210935
10212310
10218888
10219038
10219897
10220203
10221491
10221950
10222435
10223433
10224008
10224608
10227157
10228659
10228966
10230124
10230368
10233372
10233507
10235022
10235609
10237444
10238341
