1837
3245
3711
4115
4585
4647
5469
7667
8119
9141
9158
9249
9696
10030
10430
11435
13820
15559
19030
19780
21482
21753
21790
22629
23411
23512
23522
23761
26395
28606
33194
33486
33626
34500
35590
43581
44551
45063
45951
46779
47902
48962
50948
51257
51326
51844
51847
52510
52901
53171
53666
54821
56677
58060
58293
58853
59498
61420
63556
65783
66543
67696
69134
71947
72086
72104
76636
76872
80095
81065
81283
82067
84443
84639
86289
88287
91759
91762
93527
94742
94900
96537
96621
97812
98094
99913
100875
103095
103221
104585
105036
105261
106818
107962
108004
109757
110389
110541
111373
112873
113388
113950
114263
117404
118003
118175
118967
120150
121182
122189
123990
124155
125460
126562
128363
128906
129018
129593
131237
133731
135507
137401
137814
138456
141875
146197
146228
148136
148226
151122
154405
154531
155739
156429
158827
160366
164972
168215
168563
171102
171468
171521
171775
171954
172602
176986
179171
180033
181748
183509
183586
183930
183950
186670
188544
189018
189091
189996
192165
193161
193828
196333
197986
200891
201539
201544
201790
201919
205424
206335
206526
210921
211031
212996
213000
214232
217700
220304
222221
223719
225948
229767
229919
231950
232728
233374
233417
233867
238209
238420
238931
240880
242921
243296
246472
246956
248406
249155
250999
253707
254982
257570
264817
266171
267227
268613
268741
270132
271102
271130
271503
271715
272428
275843
277203
277580
279228
280478
281441
281623
282591
283238
283823
285962
286836
287023
287636
288513
288543
289267
291084
292491
293734
293878
294023
295915
296324
296430
296747
296921
297276
297688
298202
299962
300914
301812
302842
302985
303093
303963
306600
312672
313192
315228
315944
316290
316495
316749
316787
318703
318863
320484
323678
323898
324788
325446
325463
326865
326906
328162
329050
329478
329699
330947
336723
337473
339452
339891
339951
340551
340978
341034
342589
343017
343279
343959
346115
347501
348806
349397
351061
351213
353706
354181
354341
355933
356952
357127
357154
357478
358269
358652
359646
364522
365585
366277
368981
369832
370245
371711
371975
372136
373045
375132
375606
376569
377077
378479
380193
380546
383986
386086
387093
389286
392630
395036
396493
396551
398896
399204
399493
400389
400632
401107
401546
402485
403047
404029
404030
406351
407226
408038
408200
409817
409907
410593
411217
412944
414768
415234
415736
416062
417204
417340
419548
419575
419955
421662
422026
422282
423105
423501
424341
426967
428403
429123
429539
430271
430609
430762
434907
435066
435979
436383
437663
438814
445236
446384
446461
446976
448675
448869
449409
452158
452633
454813
455435
456153
457502
459351
463183
463463
463644
465340
465535
469718
475216
478128
480248
480610
482910
485963
487545
488136
489485
492283
495668
496527
497738
502217
503504
504389
504904
505389
505595
506577
508998
510777
511962
517899
520807
522568
522771
525501
525714
525906
526621
529080
531016
533317
534073
534438
535570
536127
536321
537544
538193
538964
544076
544664
547109
547167
548219
548685
548875
551765
551967
553128
554870
555454
559501
560829
563638
564097
565434
567786
568024
568253
569513
571745
573441
573908
574356
577354
579529
579988
580033
580230
580915
582561
583904
585886
586161
586572
589814
590110
592454
594487
597604
604916
605034
605304
606424
606699
608279
610431
610494
612034
612252
612541
614486
615566
616486
618422
619289
619560
619813
620558
620946
621554
621691
621737
621826
622720
622729
622800
627710
628735
629446
629841
633175
634253
634420
634968
637217
637858
641491
643277
644462
644683
645986
647725
648584
648682
649283
649849
650089
650379
650919
652246
652375
652429
652500
654561
654713
656685
657309
657492
659032
661358
661387
662109
663337
664780
667548
670052
670262
670555
671052
674573
676741
676747
676828
677644
678292
679459
680583
680598
681599
682115
682425
682428
682433
684793
686903
687400
689619
689681
689878
689909
691053
692949
693693
695349
697797
698980
699620
700367
704430
705844
707095
709118
710631
710894
714061
714669
716096
716192
716487
717409
718308
718459
720032
720968
721938
722029
723537
724659
725634
726350
726489
726549
727011
727039
727135
727206
729149
729251
729340
729638
730309
730483
731279
732009
732697
732871
737079
739453
742910
743581
744103
744215
748226
749532
749807
750940
751336
753787
755134
756167
756535
757993
758037
759238
760931
762066
763502
764853
766796
768031
768298
769797
771345
772734
773207
774621
776574
777280
778981
780555
780894
781643
787764
788884
794155
796040
801382
803046
804348
805685
809922
810375
811872
814308
814622
817614
817835
819134
820318
820875
822953
825388
827577
832653
833401
833790
835006
837718
837725
838235
840737
842879
844020
844088
844320
844367
845197
845301
845959
849629
851896
854370
854834
854903
854949
855387
855692
856875
858881
865371
865467
868580
869411
870479
871246
871445
871515
871531
874685
875493
877064
880656
882973
883314
883809
883820
884074
884386
884493
885864
886545
887085
887336
887428
887528
888500
888764
889508
890236
890246
890441
890862
892556
893758
894148
897530
897680
897965
898678
898968
900760
901779
902849
904687
905128
906810
909747
910266
910317
912043
912210
912846
913302
915418
916185
917156
918384
918479
919581
920108
921506
922240
922959
923736
925801
927657
928319
928440
931483
931952
931969
932637
932902
933694
933885
934999
936897
938088
939381
941130
941945
942724
944218
946000
946189
947118
947898
947945
948561
949710
950221
951127
951242
956309
958044
960067
960507
960927
961100
962892
963034
963680
964017
964291
964999
965154
965524
966405
966501
966952
968534
968938
970241
971264
972503
973334
973484
973667
974533
975995
976104
977145
977247
977669
977706
978190
980558
982931
985411
985554
986482
986487
987689
987883
989180
989464
990067
991885
992139
992842
994573
994622
995195
995233
997160
999801
1000085
1000541
1002310
1002726
1004718
1005136
1011108
1011480
1013848
1016513
1016804
1017202
1018728
1019246
1020507
1020552
1021262
1021938
1022016
1022039
1022120
1023072
1023382
1024082
1025595
1026602
1027807
1028113
1033748
1034972
1035704
1035908
1037732
1039733
1041007
1043230
1043699
1045071
1045916
1048215
1049904
1049931
1050026
1052797
1053322
1054533
1055218
1059166
1060022
1060841
1063062
1063426
1063526
1063601
1064061
1064086
1064658
1065217
1067559
1068047
1068958
1069962
1071976
1072737
1075187
1075845
1078646
1078650
1078950
1079971
1080361
1083518
1083924
1089550
1089876
1090163
1092561
1092934
1093904
1094722
1094965
1095697
1095940
1096096
1099750
1099893
1100604
1101351
1102431
1103750
1106302
1106989
1108379
1108950
1109786
1110967
1110970
1114010
1114999
1116683
1117845
1118559
1119417
1120022
1122319
1123172
1123257
1124988
1125578
1125592
1127139
1127258
1127738
1127742
1127837
1127943
1128775
1129103
1129533
1129540
1130514
1132234
1132441
1132941
1132960
1133540
1133548
1133550
1133589
1133779
1134327
1135276
1136360
1136767
1137437
1138302
1138814
1139581
1139647
1143020
1143997
1144412
1145178
1145265
1145281
1145316
1145360
1145382
1145469
1145685
1146091
1146808
1147647
1149006
1149666
1150828
1151247
1151446
1152520
1152617
1155678
1157269
1158986
1159711
1160356
1161522
1161843
1161999
1163076
1164415
1165055
1165064
1165419
1166470
1167170
1168030
1168515
1168718
1169868
1171433
1172596
1172712
1173665
1174984
1175812
1176732
1177262
1177712
1178354
1178417
1179355
1181819
1181982
1182884
1183181
1183199
1183516
1183770
1186223
1187310
1194218
1194502
1195244
1197843
1197922
1202458
1205109
1205771
1207134
1208392
1208516
1210714
1212440
1214894
1216073
1218528
1219930
1220460
1223664
1224178
1226069
1226457
1226544
1226730
1226896
1228003
1228851
1231646
1232122
1232555
1232562
1233426
1233537
1233591
1233756
1237016
1237901
1238422
1239412
1243690
1245140
1247203
1247912
1249021
1249025
1250882
1251583
1251905
1252256
1252427
1254025
1255346
1256069
1258823
1259223
1260921
1261805
1261821
1261881
1262315
1262539
1262619
1263447
1264041
1265677
1267549
1268498
1272373
1272450
1275221
1276275
1278869
1279266
1279398
1281829
1281941
1282201
1282643
1285085
1286618
1288267
1289353
1289646
1290700
1291835
1293918
1294245
1295919
1297119
1297602
1298258
1298391
1298944
1299541
1299905
1301259
1303122
1303596
1304055
1304323
1307006
1309331
1310512
1311274
1311309
1312118
1313375
1314251
1316899
1317044
1320383
1321423
1323649
1324342
1325358
1325895
1326509
1327318
1328117
1328141
1330931
1330984
1330987
1331024
1331032
1334370
1334663
1336486
1336521
1339269
1339594
1340258
1340912
1341263
1341602
1342126
1342456
1342847
1343094
1343107
1344042
1344370
1344374
1344377
1344381
1344383
1344385
1344891
1346974
1347676
1351853
1352006
1352011
1353464
1353504
1353572
1354822
1354919
1357777
1357787
1357789
1359034
1360467
1360469
1360471
1360476
1360488
1360490
1361513
1361680
1362173
1362880
1364060
1364204
1364305
1364387
1364503
1365588
1366014
1366204
1366314
1370625
1371038
1371616
1372456
1374326
1374549
1376448
1382499
1384076
1386079
1386568
1386606
1387096
1389775
1390284
1390831
1391547
1392167
1392481
1392627
1394539
1396094
1397523
1398053
1399224
1400134
1400704
1400756
1402055
1402366
1402658
1404328
1405074
1406787
1407366
1409657
1410614
1410663
1411483
1413177
1415383
1415706
1416873
1418199
1418370
1418731
1418876
1420036
1420141
1422144
1422910
1423250
1424523
1426660
1426664
1428020
1428749
1429552
1430046
1430061
1430659
1430931
1433212
1434561
1434649
1436075
1438643
1439426
1440250
1440263
1440659
1442295
1442611
1443223
1443693
1443717
1443972
1446894
1447095
1447239
1447748
1449297
1452349
1455631
1455842
1455870
1458780
1458821
1458844
1459236
1459237
1459238
1459460
1463107
1464572
1465026
1465928
1466124
1466132
1466559
1466581
1466590
1466595
1466640
1467633
1469716
1470547
1471131
1471503
1473660
1474202
1474595
1474700
1474778
1475022
1475674
1478545
1481385
1481619
1484593
1486189
1490533
1491122
1492066
1497448
1499366
1499962
1500625
1502333
1503440
1504810
1507127
1509782
1510144
1510212
1511033
1511897
1512253
1512266
1512270
1512679
1514780
1516096
1516621
1516973
1524361
1526650
1527065
1527158
1527287
1529380
1535515
1536584
1540227
1543065
1544004
1545868
1546136
1546385
1546465
1546593
1548743
1549755
1550784
1551221
1553448
1553461
1554499
1554785
1555546
1555859
1556090
1556610
1557568
1559297
1559406
1559410
1559460
1560254
1560464
1560477
1561660
1561774
1562442
1563774
1563852
1565387
1566504
1568291
1568308
1570443
1570608
1570674
1572449
1572974
1573372
1574431
1576899
1577469
1578967
1579305
1580576
1582187
1582551
1583514
1583728
1584802
1585398
1586181
1587753
1587868
1588028
1588788
1589656
1590532
1590803
1591360
1592529
1592602
1594082
1594254
1596224
1596761
1597127
1597386
1597551
1597959
1601411
1602361
1602434
1602812
1603136
1603986
1604557
1607224
1607252
1608588
1612114
1614370
1614743
1615842
1618011
1622204
1622468
1623175
1623419
1627201
1627540
1628873
1631185
1631689
1633479
1633840
1634328
1634481
1634856
1635796
1638359
1639487
1639754
1641096
1642177
1645663
1645891
1647030
1647260
1648765
1648961
1650722
1651391
1653556
1654382
1655286
1655818
1657101
1658326
1658571
1659003
1660941
1661579
1661584
1661593
1662504
1662718
1662762
1663737
1663773
1664216
1664743
1666678
1668014
1668553
1670196
1670282
1672911
1672934
1673171
1674190
1678619
1679250
1679252
1680014
1681543
1683481
1685737
1685861
1686137
1686420
1686745
1687984
1689202
1690764
1690911
1696844
1697594
1697927
1698079
1698216
1698818
1700619
1700729
1701269
1702295
1702798
1704967
1705748
1706002
1706059
1706241
1706283
1706291
1706293
1706296
1706298
1706304
1706880
1707202
1707582
1707811
1708696
1709319
1712863
1713207
1714484
1715551
1716193
1718197
1718238
1719283
1720768
1721189
1721226
1724374
1724672
1727486
1727981
1728716
1732442
1733974
1734004
1734042
1734104
1734317
1736192
1736596
1738024
1738671
1738858
1739286
1740651
1742326
1743838
1747059
1747238
1747458
1747529
1747541
1747865
1747868
1747870
1750036
1751367
1752980
1753665
1754551
1755106
1755365
1755911
1755920
1758728
1759024
1759054
1759074
1759106
1764667
1765161
1766136
1769309
1770046
1770144
1770285
1770683
1771594
1771598
1773639
1776926
1778260
1778398
1779999
1781382
1781852
1782034
1783319
1783436
1785570
1788316
1788335
1789133
1789418
1790371
1790471
1790597
1791880
1792326
1794179
1794431
1794828
1795318
1796701
1796967
1799673
1800130
1800136
1800153
1800266
1803812
1803817
1803926
1806285
1810302
1810338
1811127
1811712
1811941
1812478
1813301
1814317
1814505
1818871
1819023
1819882
1819926
1820189
1820766
1821569
1821764
1823352
1823678
1825695
1827378
1827435
1827495
1829752
1830678
1831210
1832307
1836024
1836456
1838428
1838592
1839607
1839846
1840132
1840529
1840594
1841468
1845688
1845750
1845769
1845955
1847364
1848113
1848811
1849672
1850072
1850939
1851823
1853008
1856922
1857928
1859474
1861225
1862120
1866506
1867299
1867415
1867652
1869612
1869826
1870026
1870371
1872059
1872583
1874412
1876095
1877019
1877352
1877619
1878680
1879006
1880581
1881242
1884305
1885635
1886901
1887797
1889020
1889465
1891353
1894406
1894488
1895479
1896405
1897566
1899151
1899571
1900926
1905621
1906520
1907721
1909589
1909814
1912047
1913685
1915278
1915719
1916640
1917146
1923279
1925206
1928019
1931733
1931764
1933783
1936961
1941003
1941536
1946640
1947559
1952068
1954247
1955026
1955550
1957260
1958221
1958757
1958955
1959631
1963150
1963928
1964815
1966349
1966587
1966777
1967189
1967525
1967783
1971798
1971957
1973231
1974018
1974108
1975508
1976953
1977297
1978590
1980026
1981555
1982581
1982730
1983925
1984985
1985848
1992426
1994485
1995138
1995721
1997017
1998024
1998280
2001586
2002204
2002250
2003635
2003745
2004131
2005577
2008187
2009951
2010145
2010148
2014656
2017627
2017942
2021528
2022104
2023364
2024539
2025010
2025016
2025103
2025478
2025893
2026206
2026477
2028988
2029629
2029777
2030413
2030689
2030853
2033143
2033216
2033460
2033705
2034376
2035325
2035789
2036344
2037129
2039412
2042428
2042540
2043482
2043612
2044182
2045231
2046108
2046864
2047290
2047486
2049190
2049229
2049319
2049334
2049786
2050117
2051127
2051369
2051397
2051542
2051548
2051704
2051716
2051876
2051966
2052006
2052492
2052523
2052611
2052772
2052792
2052794
2052922
2052936
2053151
2053155
2055921
2056161
2056276
2056282
2057514
2062811
2064621
2065332
2068017
2068050
2068111
2068362
2069970
2070719
2071118
2072216
2074473
2074922
2075876
2078863
2078882
2078887
2078981
2081577
2081980
2082769
2085609
2086288
2086406
2086870
2088156
2088773
2089893
2093807
2093970
2095221
2095388
2095737
2096071
2097023
2097812
2098365
2098434
2099801
2101648
2101925
2101962
2102598
2103505
2103613
2104043
2104104
2104275
2104561
2106107
2110164
2110751
2110960
2112194
2113109
2114128
2116475
2117936
2118797
2121334
2121934
2122040
2124085
2124121
2124380
2125330
2125631
2126883
2128206
2128996
2129671
2129735
2129977
2131837
2132134
2133602
2135100
2135535
2138340
2139357
2139806
2140591
2140627
2141766
2141795
2143018
2143784
2143913
2144219
2144479
2145561
2146326
2146536
2148465
2150920
2152861
2158165
2159454
2159706
2159891
2160669
2160816
2163598
2163779
2164786
2165562
2167372
2170922
2175509
2176976
2178464
2178933
2181234
2182633
2182893
2183418
2183626
2185233
2185325
2185670
2185914
2187150
2188254
2190125
2193757
2194311
2195051
2195368
2197771
2200077
2200764
2203346
2204304
2205323
2207453
2208017
2208604
2209024
2210400
2210473
2210526
2211494
2211537
2212074
2212080
2212757
2214108
2215156
2216559
2216610
2217181
2217633
2218814
2219725
2221352
2224156
2224863
2225173
2225295
2226713
2228135
2228614
2231020
2233395
2233888
2238958
2239494
2239899
2240124
2240427
2241017
2241512
2242217
2244628
2248167
2250134
2250747
2251405
2253905
2253926
2254362
2255328
2256662
2256905
2258041
2258175
2258185
2258252
2258581
2259067
2260849
2267566
2268995
2270415
2270845
2270946
2271459
2272092
2275762
2276149
2276860
2279505
2280331
2280792
2280818
2281360
2281426
2282319
2282640
2283724
2284756
2287649
2289148
2289801
2291716
2292395
2292617
2294341
2297455
2301978
2302253
2302471
2302646
2305933
2307354
2308920
2313535
2313704
2313882
2313936
2316440
2316622
2317236
2319046
2319794
2320820
2321349
2322807
2323938
2327179
2328236
2328605
2329996
2330612
2330844
2330995
2334054
2334698
2334712
2335479
2336194
2336416
2337362
2338839
2340649
2341346
2341841
2342486
2343958
2344013
2344115
2344670
2344823
2346430
2346966
2347384
2349194
2349570
2352893
2354277
2354686
2355880
2357291
2357429
2358358
2359008
2360348
2363026
2363038
2363115
2364282
2364599
2365996
2366365
2367656
2369134
2369570
2370951
2372096
2372528
2373634
2374778
2375217
2375489
2376226
2376376
2376744
2376772
2377732
2378357
2379563
2379799
2381616
2382849
2382993
2383607
2384011
2386247
2386292
2386591
2387465
2389603
2390951
2392240
2392672
2392753
2395969
2396050
2397367
2400395
2400793
2403223
2404186
2404259
2404275
2404531
2405593
2407287
2410223
2411734
2413537
2414922
2416994
2417593
2417897
2418403
2418651
2420142
2420962
2422177
2423766
2424394
2427021
2428877
2431207
2431665
2432307
2433543
2434008
2435887
2436786
2436978
2439925
2440040
2440862
2441560
2441608
2444553
2446765
2446996
2447204
2447768
2448506
2449227
2449329
2449411
2450763
2451442
2452005
2452750
2453594
2453687
2454003
2454377
2456356
2457416
2457519
2460493
2463352
2465855
2470835
2471363
2471439
2472920
2473588
2473876
2475341
2476233
2479074
2480085
2480790
2480810
2484084
2486483
2486583
2487175
2488852
2489117
2489175
2489918
2492441
2492649
2493416
2494479
2495934
2496138
2496494
2498207
2498768
2502692
2502850
2503040
2504011
2504896
2505117
2505118
2505134
2505503
2508976
2512823
2513002
2513947
2514039
2515977
2517533
2518145
2520770
2521159
2521633
2522477
2523619
2524258
2524266
2525218
2528086
2529373
2530592
2531921
2532690
2533526
2538400
2541669
2542126
2543542
2543729
2545889
2546810
2547733
2548361
2549698
2550478
2550793
2551072
2552316
2553107
2554491
2556183
2556346
2557105
2557159
2558318
2558481
2562141
2565534
2566059
2568678
2568725
2568912
2570549
2573728
2576981
2580350
2580667
2583023
2584012
2586949
2587127
2588431
2588804
2591965
2592534
2593956
2597468
2597561
2598407
2599565
2599650
2600215
2600664
2600950
2602843
2602892
2603195
2604440
2608884
2611058
2613062
2614657
2616052
2617141
2617155
2618149
2621850
2623122
2624002
2625148
2626515
2627499
2628294
2629679
2632010
2632250
2633257
2634901
2635631
2640139
2641024
2641726
2642993
2645197
2647413
2647876
2650612
2651335
2651371
2652049
2652195
2652971
2654641
2654982
2655600
2655747
2656435
2656734
2657943
2660400
2661976
2662102
2662743
2663028
2663304
2663469
2664414
2665345
2665749
2665759
2668750
2671446
2671565
2672612
2673553
2674084
2674323
2674802
2674955
2675106
2675970
2676797
2679850
2680367
2682056
2683579
2686840
2688132
2688519
2688563
2688930
2689212
2689674
2690560
2693900
2696436
2696698
2698756
2698767
2699173
2699567
2700625
2701652
2703047
2703092
2703910
2704495
2705846
2707385
2707649
2712329
2712767
2712999
2713356
2714221
2715838
2716093
2717315
2717803
2719051
2719865
2719987
2720632
2720813
2722236
2722251
2722525
2725745
2726701
2727597
2727970
2729492
2730563
2733035
2733621
2734123
2734258
2735194
2735200
2735882
2736593
2740701
2740812
2741161
2741300
2742713
2743131
2743650
2745009
2745392
2745885
2746360
2746803
2747106
2748018
2748408
2749095
2749552
2749745
2749762
2749893
2751542
2752662
2755056
2758717
2760156
2761904
2764555
2764997
2765481
2766926
2766998
2767975
2769065
2769138
2770377
2770628
2772581
2776951
2777003
2780020
2780432
2781978
2782206
2784449
2784587
2786045
2786049
2787679
2789009
2789388
2791508
2791605
2792619
2793509
2794082
2794511
2795368
2796596
2796643
2797315
2797603
2797871
2798195
2798290
2800547
2803644
2806095
2807182
2807886
2809162
2809319
2809990
2811181
2813164
2816774
2816818
2816945
2817541
2818527
2819537
2820496
2822310
2822493
2823685
2826277
2826673
2827263
2828492
2829035
2831226
2831235
2831488
2832386
2834370
2834544
2835863
2835954
2836506
2836860
2838191
2838221
2839282
2840365
2840410
2842210
2842720
2843076
2843855
2846964
2852285
2853619
2855618
2857523
2857625
2858436
2858803
2859485
2859590
2861062
2861417
2861544
2862870
2866515
2867835
2867844
2868857
2869105
2870262
2874243
2874650
2875591
2876322
2876806
2878088
2878529
2878950
2878990
2879844
2881970
2883884
2885897
2887585
2887767
2888366
2890759
2891216
2891423
2892573
2893864
2894485
2895971
2896915
2897857
2899364
2905234
2907423
2908646
2908920
2909706
2909877
2910496
2910622
2911624
2912325
2912682
2913006
2914321
2914798
2915268
2915289
2918077
2918545
2919274
2920306
2920522
2920550
2920829
2927207
2927820
2929032
2929617
2930118
2930129
2931536
2934940
2935060
2935264
2935742
2935743
2937183
2937436
2938233
2940241
2940482
2940956
2942192
2944255
2945565
2945776
2945782
2946970
2947003
2947643
2948580
2950197
2950469
2953362
2953779
2954522
2954836
2955144
2958129
2959009
2960630
2963193
2963279
2964496
2966148
2966178
2966433
2967405
2970059
2971145
2972676
2972781
2973631
2975217
2976317
2976925
2977820
2977850
2978757
2979549
2979845
2980546
2982881
2984162
2985045
2985684
2985826
2986121
2987850
2988471
2989055
2992486
2994613
2995238
2995835
2996247
2996524
2996657
2998071
2998931
3000528
3000558
3000752
3002617
3002840
3006201
3006790
3007814
3008225
3009757
3013432
3013506
3015088
3015690
3019802
3020304
3020338
3020366
3021012
3021489
3022895
3024020
3024535
3025107
3025559
3025686
3027076
3027559
3027705
3031185
3032269
3032475
3036220
3038286
3039166
3040266
3041554
3044796
3046653
3048370
3051626
3054587
3055080
3056608
3056701
3060290
3061128
3062063
3065681
3065866
3066585
3067586
3068050
3068158
3069150
3072002
3072033
3072163
3072513
3072628
3072933
3072985
3073178
3073371
3073477
3073534
3073571
3073619
3073635
3073646
3073737
3075003
3075016
3075367
3078027
3080523
3081766
3083995
3084080
3084149
3085498
3086552
3087486
3088163
3089141
3090337
3093895
3094237
3095541
3097392
3098345
3099890
3100683
3100906
3101943
3104362
3104931
3105642
3105801
3106138
3107978
3109324
3109979
3110085
3118040
3118115
3118147
3123615
3123676
3123917
3124550
3124989
3125149
3127173
3127234
3128032
3128831
3129228
3130483
3130837
3132453
3133660
3141642
3143224
3145151
3146953
3148275
3148724
3148923
3150225
3151337
3151465
3152304
3153201
3153764
3154736
3155007
3155440
3160357
3160625
3161277
3161382
3161987
3162004
3164946
3166793
3167195
3168019
3168066
3169611
3169917
3169985
3170482
3170492
3171484
3171615
3174617
3174709
3175422
3176527
3177264
3178417
3179627
3180283
3180601
3181691
3184004
3184738
3187247
3191870
3192660
3192972
3193618
3193751
3195170
3195304
3196143
3196283
3198301
3198551
3201443
3203290
3204042
3204627
3205034
3206265
3210364
3212197
3212803
3213024
3213575
3214055
3215255
3216323
3218042
3218475
3219318
3219392
3221324
3225380
3225433
3225813
3226053
3226969
3227135
3227328
3228566
3230201
3230432
3233216
3234259
3234581
3235819
3236077
3237926
3238727
3238835
3239596
3240211
3240450
3240608
3240706
3241007
3243208
3244071
3245680
3245966
3245985
3246762
3248677
3248889
3248974
3249972
3252161
3252374
3252479
3252705
3253585
3253950
3255007
3257651
3257801
3258368
3258802
3260380
3260536
3261710
3262145
3262496
3263192
3264502
3264640
3264832
3268434
3268657
3270025
3271436
3272073
3273088
3274440
3274605
3275085
3275183
3275428
3277971
3278580
3280686
3280853
3281203
3281988
3282171
3283636
3284477
3287133
3290296
3291583
3291659
3294116
3294595
3295181
3295670
3297192
3300102
3300119
3300208
3300258
3301231
3303394
3304754
3305145
3305380
3307135
3307673
3308478
3308566
3308900
3310245
3312096
3314020
3317108
3317420
3318104
3320226
3323816
3327546
3328421
3328698
3329504
3330879
3332362
3333313
3335535
3335615
3335970
3336108
3336585
3337760
3338243
3343716
3344929
3346680
3347593
3349015
3349625
3350051
3353668
3353742
3355262
3358364
3358402
3360516
3361935
3363965
3364163
3364196
3367855
3367900
3368329
3369282
3370255
3371999
3372347
3372617
3372769
3372948
3373251
3375409
3376416
3378522
3379220
3379559
3380693
3382546
3384178
3384263
3385352
3386447
3386646
3388653
3388689
3388876
3390324
3391632
3396207
3398542
3399589
3402015
3402145
3402368
3406601
3408015
3408084
3408154
3408235
3410105
3410197
3411905
3412667
3415107
3416930
3417058
3417707
3418350
3419065
3420759
3421424
3422428
3422834
3423833
3425125
3427618
3428906
3428964
3429225
3429609
3430686
3433600
3435177
3435394
3437016
3437132
3437192
3438007
3438153
3441398
3441892
3442041
3442590
3443164
3443976
3448023
3448466
3448763
3448776
3449069
3451091
3451135
3451218
3452200
3453745
3453920
3456611
3458839
3459219
3459311
3459338
3459481
3459572
3459997
3460143
3460174
3461744
3462806
3462820
3466538
3466770
3467002
3468306
3468687
3469467
3469560
3470317
3470691
3471735
3472242
3473199
3474069
3475613
3479255
3479493
3479830
3480694
3481317
3481560
3481705
3482705
3483257
3484563
3485039
3485444
3485513
3486023
3487523
3488941
3488998
3489254
3489719
3490942
3492094
3492180
3492184
3493127
3493388
3494212
3496904
3497147
3499336
3499392
3500546
3501199
3502073
3503450
3503491
3503873
3504269
3504835
3504857
3504948
3504963
3505037
3505116
3505131
3505154
3505188
3505197
3505220
3505230
3505248
3505265
3505292
3505314
3505327
3505350
3505355
3505385
3505386
3505400
3505411
3505412
3505429
3505445
3505485
3505486
3505525
3505545
3505613
3505654
3505669
3505683
3505764
3505785
3505809
3505834
3505880
3505893
3505904
3505908
3505965
3505988
3506001
3506003
3506096
3506098
3506110
3506128
3506143
3506202
3506220
3506222
3506251
3506341
3506497
3506514
3506803
3507824
3509097
3509628
3511143
3512321
3514790
3515301
3515573
3515642
3515668
3516384
3519665
3519865
3520168
3520671
3520714
3522003
3522180
3522265
3525045
3526705
3528039
3528427
3528762
3530362
3530617
3532959
3533641
3534488
3536405
3536809
3537943
3538480
3538524
3538969
3539980
3540249
3540361
3540480
3540828
3541431
3541541
3545025
3547695
3548215
3548462
3548858
3549468
3551482
3551844
3553538
3554602
3555026
3556944
3557099
3558320
3558993
3559551
3559641
3559942
3563091
3563291
3564214
3566127
3569753
3569784
3570151
3571024
3571290
3571730
3573567
3576014
3576447
3577167
3579976
3580551
3580587
3581357
3581400
3581600
3581851
3581996
3582097
3582249
3582267
3582294
3582339
3582395
3582412
3582421
3582425
3582432
3582466
3582474
3582496
3582504
3582533
3582735
3582744
3582931
3583008
3583118
3583151
3583182
3583205
3583225
3583245
3583280
3583307
3583326
3583338
3583391
3583404
3583427
3583442
3583478
3583487
3583557
3584219
3585471
3586321
3588504
3590371
3590403
3590936
3592525
3592886
3593962
3594194
3594809
3595901
3599268
3602120
3605724
3606439
3608153
3608206
3608623
3609821
3610600
3611268
3611545
3613408
3614575
3614833
3615210
3616009
3617374
3618844
3619015
3619191
3619219
3619905
3620018
3620742
3620782
3622126
3622751
3623496
3624611
3625372
3626377
3626384
3626469
3627185
3627404
3628494
3629248
3632094
3633022
3634411
3634589
3635947
3636911
3637978
3638095
3639560
3641042
3641641
3641900
3642621
3643005
3644693
3645260
3646651
3650846
3652008
3652136
3652432
3654412
3654558
3655133
3655163
3655180
3656436
3658005
3659850
3660641
3663554
3665263
3665942
3670917
3671113
3672770
3673011
3673145
3673901
3679393
3679612
3681914
3682650
3684691
3685429
3686185
3686927
3687257
3695255
3696810
3697357
3697414
3699172
3699874
3700024
3700292
3701540
3702431
3703556
3703839
3704605
3705536
3705774
3705883
3706113
3706146
3706312
3706634
3706984
3711655
3712759
3713249
3714031
3714313
3714664
3715409
3715563
3716669
3718739
3720088
3721071
3722056
3723579
3723965
3724330
3725214
3726034
3726907
3727407
3727563
3727783
3727856
3728275
3730939
3731413
3732578
3733127
3734381
3734899
3735287
3735346
3736102
3736749
3736991
3738462
3739126
3740156
3743002
3743464
3744030
3744213
3744372
3744923
3744992
3745665
3747021
3747896
3748097
3748209
3749467
3749506
3751051
3751361
3752990
3753007
3754775
3758572
3758954
3759195
3761041
3763545
3763847
3764252
3765732
3766789
3767356
3767559
3770107
3772234
3772632
3772844
3773406
3774191
3774824
3775225
3777837
3778923
3780132
3783743
3784130
3784952
3787102
3787182
3787224
3787343
3787394
3788062
3788250
3788251
3788316
3788519
3788777
3789379
3789667
3789952
3790811
3791213
3792008
3797891
3798521
3799288
3799464
3799508
3801064
3801753
3802825
3803235
3805771
3806429
3806623
3807775
3808240
3808721
3809006
3809912
3809982
3810523
3810692
3810734
3810755
3810771
3810794
3811906
3812145
3812847
3814181
3814564
3814774
3815173
3815617
3817206
3817275
3817631
3817668
3818023
3819208
3820576
3821033
3821174
3821371
3821558
3822183
3822398
3824015
3824112
3824147
3824191
3824247
3824395
3824490
3824525
3824596
3824657
3824722
3824759
3824845
3824906
3824946
3824994
3825045
3825122
3825153
3825224
3825260
3825311
3825346
3825550
3825726
3825749
3825821
3825862
3825929
3825992
3826044
3826181
3826209
3826323
3826345
3826364
3826377
3826394
3826419
3826436
3826532
3826567
3826589
3826626
3826882
3827077
3827146
3827226
3827303
3827487
3827563
3827597
3827874
3828083
3829587
3829654
3830899
3831959
3832944
3833164
3833412
3833436
3833448
3833593
3833650
3834020
3834247
3834342
3834537
3838290
3841645
3841961
3842172
3843069
3843832
3844628
3846080
3846115
3847623
3847939
3849091
3849427
3849891
3850027
3851272
3851977
3853027
3853045
3854921
3855156
3855482
3858601
3859413
3861829
3861982
3862684
3866096
3866165
3866383
3869096
3869621
3872180
3872223
3873195
3874191
3874394
3875728
3876506
3876893
3880096
3881928
3882900
3884009
3884941
3885390
3886068
3886092
3886304
3887134
3887407
3888046
3889796
3891496
3891588
3893857
3894252
3894675
3895474
3896615
3897081
3897126
3897683
3898110
3899741
3899843
3900298
3900480
3903572
3904239
3905031
3908696
3909157
3909737
3910050
3914016
3914712
3914880
3915325
3915406
3915475
3915941
3917892
3918372
3918950
3919741
3920313
3921197
3921437
3922080
3922096
3923798
3924358
3926306
3926626
3927370
3929347
3931046
3931357
3932063
3932922
3937880
3940080
3940402
3940456
3940511
3940695
3941711
3942496
3942513
3942820
3943872
3943940
3944162
3944307
3948600
3948804
3951244
3954544
3954670
3956079
3956253
3956784
3957940
3958234
3958753
3959436
3962095
3962811
3963227
3963359
3963402
3964082
3965014
3966323
3966464
3966665
3967618
3969430
3970020
3970340
3970788
3973291
3973297
3973648
3975253
3977945
3979535
3979753
3980030
3981115
3981275
3982328
3982339
3984149
3984196
3984664
3985604
3988092
3988849
3990035
3990145
3990696
3994702
3995688
3996931
3997469
3997681
3997886
4000489
4000723
4002507
4004012
4004021
4005180
4008005
4008209
4009879
4010763
4011171
4012313
4012804
4014744
4015220
4015313
4016265
4016347
4016442
4016514
4016533
4022171
4022943
4024185
4024649
4025682
4028418
4030043
4031216
4034084
4034349
4035014
4037557
4040112
4041435
4042761
4044415
4044982
4045105
4047125
4047927
4048525
4048605
4048952
4049042
4050385
4052190
4052946
4053956
4056279
4056297
4056462
4057348
4057710
4059853
4061277
4061445
4061820
4062976
4063430
4064559
4065724
4065945
4066663
4066815
4067097
4067227
4068903
