1
4
5
7
8
9
11
15
16
18
19
20
22
23
24
26
27
30
32
33
34
37
40
41
42
43
45
48
50
52
54
58
60
61
62
64
65
67
68
69
72
74
75
76
79
81
94
96
99
106
109
110
117
118
123
127
130
131
132
133
134
135
142
144
148
152
153
154
156
159
161
162
164
165
166
167
168
169
171
173
175
178
179
180
181
184
186
187
188
192
195
196
198
202
204
207
209
210
212
216
217
255
256
257
258
262
266
271
277
279
281
283
286
287
291
293
294
295
296
299
307
310
314
315
318
319
320
321
322
324
325
327
333
338
346
362
363
364
365
366
368
370
371
372
373
374
381
383
384
387
389
390
391
392
394
406
407
408
410
413
440
460
461
462
463
469
478
481
482
487
488
491
497
501
502
503
506
508
515
516
519
523
524
531
537
539
540
542
544
547
548
551
552
555
558
559
561
562
565
568
574
575
576
578
581
583
586
587
589
590
595
605
606
609
614
615
617
618
622
624
625
626
627
628
638
641
649
650
651
652
655
660
661
662
663
666
668
675
676
679
680
686
692
693
695
696
697
706
707
708
720
721
722
728
732
733
736
741
753
755
758
759
762
766
768
774
777
781
784
785
787
789
790
794
799
800
801
806
809
810
811
812
814
820
825
829
830
836
838
839
841
842
843
846
847
848
849
853
856
859
860
862
864
865
873
875
876
877
878
882
884
886
888
889
891
892
897
899
903
905
906
908
909
911
912
914
917
918
919
921
923
924
925
927
928
929
932
933
934
941
942
943
944
945
949
950
951
955
958
959
960
961
963
964
965
966
967
968
971
978
980
985
986
988
989
991
992
1003
1005
1006
1009
1010
1012
1013
1014
1015
1016
1024
1026
1028
1030
1031
1033
1035
1037
1038
1039
1040
1046
1047
1048
1049
1051
1052
1053
1062
1064
1065
1069
1076
1081
1083
1084
1087
1089
1093
1095
1096
1101
1104
1107
1108
1109
1117
1119
1121
1123
1127
1131
1132
1138
1140
1146
1147
1149
1151
1153
1157
1158
1164
1167
1170
1176
1177
1178
1179
1181
1182
1184
1188
1190
1198
1202
1204
1207
1210
1216
1218
1229
1230
1231
1232
1237
1238
1239
1243
1244
1245
1246
1247
1248
1254
1262
1263
1264
1266
1268
1269
1273
1274
1276
1279
1281
1285
1286
1287
1292
1295
1296
1304
1305
1306
1312
1313
1314
1321
1322
1329
1330
1331
1332
1333
1336
1340
1345
1347
1352
1354
1355
1359
1362
1363
1367
1371
1374
1376
1378
1379
1381
1382
1384
1385
1386
1390
1397
1398
1400
1401
1405
1407
1409
1411
1413
1414
1415
1416
1420
1421
1422
1423
1424
1425
1432
1433
1435
1436
1437
1438
1441
1442
1444
1445
1448
1454
1455
1456
1457
1458
1462
1463
1464
1465
1468
1471
1472
1476
1478
1483
1484
1485
1487
1488
1489
1491
1494
1495
1496
1503
1505
1507
1509
1512
1513
1518
1525
1531
1533
1536
1538
1540
1542
1543
1549
1550
1552
1555
1558
1559
1562
1565
1571
1576
1578
1581
1582
1583
1584
1585
1586
1588
1589
1591
1594
1596
1598
1600
1601
1603
1604
1605
1611
1612
1613
1616
1618
1622
1626
1627
1631
1632
1634
1635
1636
1638
1639
1640
1645
1649
1650
1658
1664
1665
1668
1670
1671
1673
1678
1679
1680
1684
1690
1691
1695
1696
1698
1699
1700
1703
1705
1707
1709
1714
1715
1716
1717
1718
1719
1722
1728
1731
1733
1734
1739
1743
1746
1748
1753
1756
1759
1761
1766
1769
1770
1774
1776
1779
1780
1781
1783
1787
1788
1789
1790
1798
1800
1803
1805
1807
1808
1811
1813
1814
1816
1818
1819
1822
1824
1825
1826
1827
1829
1831
1835
1838
1839
1840
1841
1842
1847
1848
1849
1850
1854
1859
1860
1863
1866
1868
1875
1876
1877
1878
1881
1883
1884
1885
1887
1889
1892
1896
1900
1901
1902
1903
1904
1905
1908
1909
1910
1916
1917
1919
1923
1924
1925
1926
1927
1930
1934
1939
1942
1944
1946
1952
1954
1960
1963
1965
1967
1968
1969
1972
1975
1978
1980
1984
1989
1990
1991
1992
1993
1994
1995
1996
2001
2002
2006
2008
2010
2011
2014
2015
2018
2021
2023
2030
2031
2032
2033
2034
2035
2038
2042
2044
2048
2056
2058
2060
2063
2065
2073
2074
2075
2076
2077
2078
2079
2081
2083
2087
2091
2092
2098
2101
2102
2103
2104
2105
2106
2110
2111
2117
2122
2123
2127
2128
2129
2131
2133
2134
2135
2140
2141
2142
2144
2146
2149
2152
2154
2156
2157
2160
2161
2162
2170
2173
2181
2182
2183
2188
2190
2191
2193
2197
2199
2200
2204
2210
2212
2213
2214
2217
2219
2220
2221
2222
2223
2227
2229
2232
2237
2240
2241
2248
2249
2254
2261
2263
2272
2273
2274
2276
2277
2278
2280
2285
2287
2290
2295
2297
2299
2302
2304
2306
2308
2312
2313
2315
2318
2320
2324
2325
2326
2328
2330
2336
2337
2338
2339
2341
2343
2344
2345
2346
2347
2348
2349
2352
2353
2354
2355
2356
2360
2361
2362
2364
2365
2367
2368
2369
2372
2373
2380
2381
2382
2384
2385
2387
2388
2390
2393
2395
2396
2397
2399
2400
2401
2402
2404
2405
2406
2409
2410
2411
2412
2413
2418
2420
2421
2423
2424
2427
2428
2431
2434
2435
2437
2439
2441
2442
2443
2444
2445
2449
2450
2452
2456
2458
2459
2461
2462
2463
2464
2465
2467
2471
2473
2474
2477
2479
2480
2485
2488
2492
2493
2494
2495
2497
2499
2500
2501
2502
2505
2506
2507
2508
2510
2515
2518
2521
2522
2523
2527
2531
2532
2539
2540
2541
2542
2544
2545
2550
2552
2557
2560
2563
2567
2575
2580
2582
2583
2584
2585
2588
2589
2597
2598
2603
2608
2609
2613
2616
2617
2619
2621
2625
2626
2628
2630
2632
2637
2638
2642
2643
2644
2645
2650
2653
2655
2657
2659
2660
2661
2663
2664
2665
2668
2669
2675
2678
2684
2686
2694
2695
2701
2704
2705
2707
2711
2713
2715
2717
2718
2719
2725
2727
2729
2730
2731
2732
2733
2736
2738
2739
2740
2741
2742
2744
2745
2746
2747
2748
2754
2762
2763
2768
2769
2771
2775
2776
2777
2779
2781
2784
2785
2787
2788
2789
2793
2796
2798
2799
2801
2803
2807
2808
2809
2811
2812
2813
2814
2815
2816
2817
2818
2820
2821
2822
2823
2826
2829
2831
2833
2834
2835
2836
2838
2839
2842
2843
2844
2847
2855
2859
2862
2864
2867
2871
2874
2880
2881
2882
2883
2884
2898
2900
2901
2903
2904
2907
2910
2911
2913
2915
2917
2922
2924
2926
2928
2930
2931
2936
2940
2947
2952
2954
2960
2963
2969
2971
2972
2973
2981
2983
2986
2988
2993
2998
3002
3003
3012
3013
3018
3020
3023
3024
3025
3026
3028
3029
3031
3032
3035
3039
3040
3042
3043
3044
3046
3047
3052
3053
3055
3056
3058
3059
3061
3063
3064
3065
3070
3072
3073
3076
3077
3079
3082
3083
3084
3089
3090
3093
3101
3103
3105
3106
3108
3109
3110
3114
3117
3120
3123
3124
3125
3126
3127
3128
3130
3147
3158
3159
3160
3163
3165
3166
3167
3172
3173
3178
3179
3180
3181
3185
3192
3194
3196
3198
3199
3201
3204
3205
3207
3209
3210
3211
3215
3216
3217
3220
3221
3224
3226
3227
3229
3231
3233
3235
3236
3237
3238
3248
3255
3256
3257
3259
3262
3263
3266
3269
3272
3273
3276
3277
3279
3281
3284
3286
3287
3291
3295
3297
3298
3300
3301
3305
3309
3315
3316
3319
3320
3323
3325
3327
3342
3346
3347
3349
3352
3357
3361
3363
3364
3367
3368
3369
3371
3374
3378
3391
3392
3394
3400
3406
3408
3409
3412
3415
3419
3420
3422
3423
3425
3428
3429
3434
3439
3440
3446
3448
3450
3453
3455
3463
3465
3469
3470
3471
3472
3478
3480
3481
3482
3484
3489
3491
3492
3494
3496
3506
3512
3514
3515
3516
3518
3520
3521
3524
3530
3532
3539
3540
3541
3542
3543
3544
3545
3552
3553
3561
3564
3566
3567
3570
3572
3577
3584
3585
3586
3587
3589
3590
3591
3593
3594
3595
3597
3607
3608
3609
3610
3611
3613
3614
3615
3624
3625
3627
3628
3630
3636
3637
3638
3643
3644
3645
3647
3650
3651
3653
3655
3657
3661
3664
3665
3673
3674
3678
3679
3683
3684
3688
3690
3695
3696
3698
3700
3701
3704
3708
3709
3714
3717
3718
3721
3722
3727
3732
3733
3734
3735
3737
3738
3741
3743
3744
3745
3746
3750
3753
3754
3757
3759
3760
3765
3767
3768
3773
3774
3777
3778
3782
3783
3784
3785
3786
3788
3789
3791
3794
3798
3803
3804
3805
3808
3809
3810
3813
3815
3817
3818
3820
3821
3822
3823
3824
3828
3833
3835
3836
3837
3838
3840
3841
3842
3843
3846
3851
3858
3859
3860
3862
3867
3868
3870
3873
3875
3877
3878
3882
3887
3888
3894
3895
3896
3897
3902
3914
3918
3919
3920
3921
3924
3925
3927
3937
3946
3951
3953
3954
3955
3961
3965
3970
3971
3974
3976
3977
3979
3980
3984
3988
3990
3993
3994
3995
3996
3998
3999
4000
4001
4004
4005
4009
4011
4012
4013
4014
4015
4016
4017
4018
4019
4020
4021
4022
4025
4026
4030
4032
4035
4040
4042
4043
4044
4046
4047
4048
4051
4052
4054
4057
4059
4060
4062
4069
4071
4072
4073
4074
4075
4076
4077
4082
4086
4087
4088
4091
4094
4095
4101
4108
4123
4126
4127
4128
4131
4133
4135
4138
4139
4142
4145
4146
4151
4152
4154
4156
4162
4164
4166
4169
4172
4174
4176
4181
4191
4197
4199
4200
4202
4207
4215
4218
4219
4224
4225
4227
4232
4234
4235
4238
4243
4246
4247
4249
4250
4253
4254
4256
4257
4260
4261
4262
4263
4266
4267
4268
4269
4272
4274
4275
4276
4278
4279
4280
4281
4283
4286
4288
4289
4291
4292
4293
4294
4295
4298
4299
4301
4302
4305
4310
4313
4319
4320
4322
4324
4327
4328
4333
4334
4339
4340
4342
4343
4344
4345
4348
4350
4352
4354
4355
4358
4359
4360
4361
4366
4368
4369
4372
4375
4377
4379
4387
4389
4398
4399
4400
4401
4403
4404
4406
4407
4409
4414
4416
4417
4418
4420
4421
4425
4428
4446
4447
4451
4459
4461
4462
4464
4467
4468
4469
4474
4483
4485
4488
4489
4498
4499
4500
4501
4502
4505
4509
4510
4511
4513
4514
4515
4523
4524
4525
4530
4534
4535
4536
4540
4543
4547
4548
4550
4551
4552
4554
4562
4565
4567
4569
4570
4574
4577
4578
4582
4588
4589
4590
4594
4598
4603
4604
4606
4611
4613
4616
4620
4629
4635
4637
4638
4639
4640
4641
4643
4644
4646
4649
4650
4652
4655
4656
4657
4660
4663
4664
4667
4668
4670
4671
4680
4682
4686
4688
4689
4691
4694
4695
4696
4698
4699
4703
4705
4706
4713
4714
4715
4717
4721
4724
4728
4729
4731
4732
4738
4740
4741
4742
4748
4751
4752
4754
4756
4760
4762
4764
4765
4769
4776
4778
4781
4783
4784
4785
4786
4792
4793
4797
4798
4801
4803
4806
4810
4811
4813
4817
4820
4821
4830
4831
4833
4836
4838
4843
4844
4845
4846
4848
4849
4851
4852
4854
4855
4858
4859
4860
4862
4869
4870
4873
4874
4875
4877
4879
4880
4882
4886
4887
4896
4898
4899
4905
4906
4907
4910
4911
4913
4914
4916
4917
4921
4924
4925
4926
4927
4934
4937
4940
4941
4943
4947
4949
4950
4954
4958
4959
4961
4962
4964
4965
4966
4979
4980
4981
4984
4985
4989
4990
4991
4994
4996
4998
5003
5006
5008
5009
5011
5012
5016
5017
5020
5021
5022
5024
5026
5032
5035
5058
5065
5067
5072
5079
5082
5087
5090
5091
5093
5098
5100
5101
5104
5109
5110
5119
5120
5121
5128
5131
5132
5135
5136
5138
5140
5141
5145
5148
5150
5155
5157
5168
5171
5172
5174
5175
5178
5181
5183
5188
5189
5191
5192
5193
5194
5197
5198
5199
5200
5203
5206
5207
5209
5212
5215
5220
5222
5226
5228
5229
5231
5236
5237
5238
5242
5244
5245
5246
5247
5249
5250
5251
5255
5257
5258
5262
5265
5268
5269
5270
5271
5275
5278
5279
5280
5283
5284
5287
5290
5292
5293
5296
5298
5301
5306
5307
5314
5319
5322
5323
5325
5328
5330
5333
5344
5351
5353
5355
5359
5361
5362
5370
5371
5375
5377
5385
5387
5390
5399
5401
5405
5409
5411
5414
5420
5421
5423
5424
5426
5427
5431
5434
5440
5444
5448
5449
5451
5454
5456
5457
5459
5460
5465
5467
5470
5471
5472
5473
5474
5475
5476
5477
5479
5480
5482
5487
5488
5489
5491
5497
5498
5500
5502
5503
5504
5505
5506
5507
5508
5509
5511
5513
5515
5516
5519
5522
5525
5530
5531
5532
5534
5535
5538
5541
5544
5545
5546
5547
5548
5551
5554
5555
5557
5560
5562
5563
5567
5568
5569
5570
5573
5574
5579
5581
5583
5584
5587
5597
5598
5600
5601
5606
5609
5610
5611
5612
5617
5620
5622
5623
5625
5628
5631
5633
5635
5636
5638
5640
5651
5653
5656
5657
5662
5663
5664
5667
5672
5674
5675
5679
5690
5691
5694
5695
5696
5697
5699
5703
5704
5705
5710
5711
5713
5718
5719
5722
5727
5733
5737
5739
5743
5744
5747
5749
5752
5756
5759
5760
5764
5765
5771
5772
5777
5781
5782
5785
5786
5792
5797
5800
5801
5802
5804
5805
5807
5808
5813
5815
5816
5821
5822
5824
5825
5826
5828
5833
5834
5837
5841
5844
5846
5847
5848
5850
5851
5852
5854
5856
5858
5862
5865
5870
5871
5872
5876
5877
5878
5879
5880
5884
5888
5890
5894
5896
5900
5903
5904
5908
5910
5912
5913
5914
5915
5917
5919
5920
5924
5927
5935
5940
5941
5942
5945
5952
5955
5958
5959
5962
5964
5968
5973
5979
5980
5983
5984
5985
5986
5987
5990
5991
5993
5996
5997
5999
6001
6003
6007
6008
6009
6018
6019
6020
6025
6026
6031
6032
6033
6036
6037
6043
6044
6045
6052
6054
6055
6058
6059
6062
6065
6073
6078
6080
6084
6086
6088
6089
6090
6091
6092
6094
6096
6097
6098
6102
6104
6108
6111
6115
6119
6120
6122
6127
6129
6131
6132
6133
6134
6135
6137
6143
6145
6148
6150
6152
6153
6155
6158
6159
6160
6161
6162
6163
6165
6170
6174
6175
6181
6182
6183
6184
6185
6187
6188
6189
6190
6191
6192
6193
6195
6198
6199
6203
6209
6210
6213
6214
6216
6217
6219
6220
6222
6224
6225
6226
6227
6228
6231
6232
6237
6238
6239
6240
6241
6243
6244
6249
6251
6255
6257
6258
6260
6262
6263
6264
6267
6270
6271
6272
6273
6274
6275
6277
6279
6285
6286
6288
6293
6297
6303
6306
6308
6313
6315
6316
6317
6318
6328
6330
6332
6335
6336
6341
6344
6345
6346
6350
6353
6354
6355
6356
6357
6360
6362
6364
6366
6367
6368
6369
6372
6373
6374
6376
6378
6384
6386
6388
6389
6391
6393
6394
6395
6396
6397
6398
6402
6404
6406
6408
6409
6411
6412
6414
6416
6420
6423
6425
6426
6427
6428
6430
6431
6435
6438
6440
6443
6452
6455
6457
6459
6463
6464
6468
6469
6472
6473
6474
6475
6476
6479
6480
6481
6484
6485
6486
6487
6488
6489
6490
6491
6492
6494
6496
6499
6500
6503
6505
6506
6507
6516
6520
6523
6526
6528
6530
6533
6534
6536
6537
6539
6540
6542
6545
6547
6549
6551
6556
6557
6559
6563
6566
6568
6569
6571
6572
6577
6578
6581
6582
6596
6604
6607
6627
6631
6632
6633
6634
6635
6636
6639
6641
6643
6647
6649
6650
6653
6655
6657
6660
6661
6668
6669
6673
6674
6675
6676
6686
6700
6701
6702
6704
6706
6709
6710
6711
6712
6715
6724
6729
6731
6732
6734
6736
6737
6738
6744
6745
6748
6749
6750
6751
6752
6753
6754
6758
6759
6761
6762
6763
6764
6767
6775
6777
6781
6783
6784
6788
6791
6792
6805
6806
6808
6809
6810
6812
6814
6816
6819
6820
6821
6823
6830
6831
6832
6834
6836
6840
6842
6848
6850
6853
6854
6856
6857
6859
6860
6862
6863
6867
6868
6869
6873
6874
6875
6876
6877
6878
6880
6882
6884
6887
6890
6891
6894
6895
6898
6899
6901
6902
6903
6904
6906
6907
6908
6909
6911
6918
6919
6920
6921
6923
6925
6928
6931
6932
6935
6936
6937
6940
6941
6942
6945
6947
6952
6953
6956
6959
6964
6965
6966
6968
6971
6976
6980
6981
6984
6985
6988
6989
6990
6996
7001
7002
7005
7013
7015
7016
7018
7020
7022
7023
7025
7028
7029
7030
7031
7033
7034
7036
7037
7040
7043
7045
7049
7050
7053
7059
7062
7065
7066
7068
7069
7076
7078
7079
7081
7082
7084
7085
7088
7089
7090
7091
7093
7094
7097
7098
7102
7104
7106
7107
7108
7109
7110
7111
7113
7115
7116
7117
7118
7120
7122
7127
7129
7132
7133
7134
7135
7136
7143
7151
7154
7155
7156
7160
7163
7164
7165
7167
7169
7170
7171
7172
7173
7174
7175
7182
7183
7184
7187
7188
7189
7193
7194
7195
7196
7203
7204
7206
7210
7211
7213
7215
7216
7217
7218
7220
7223
7224
7225
7227
7228
7231
7232
7233
7234
7236
7239
7240
7241
7242
7243
7245
7246
7250
7253
7256
7262
7265
7267
7272
7274
7279
7280
7281
7284
7289
7293
7296
7301
7302
7303
7304
7307
7310
7312
7313
7318
7320
7321
7323
7324
7329
7330
7331
7334
7339
7340
7341
7344
7348
7349
7353
7354
7355
7356
7357
7358
7360
7363
7364
7365
7368
7371
7376
7377
7381
7383
7385
7388
7391
7394
7399
7401
7404
7405
7408
7409
7410
7412
7414
7415
7417
7418
7422
7423
7425
7426
7429
7431
7432
7433
7435
7438
7439
7443
7445
7448
7450
7455
7463
7465
7473
7477
7479
7481
7483
7484
7485
7486
7491
7492
7495
7496
7498
7499
7500
7502
7503
7504
7506
7507
7508
7509
7510
7516
7519
7520
7521
7524
7525
7526
7529
7531
7532
7535
7537
7539
7540
7544
7547
7548
7552
7554
7556
7558
7563
7565
7566
7570
7572
7573
7576
7579
7581
7582
7583
7584
7585
7586
7590
7592
7594
7595
7599
7600
7601
7602
7604
7606
7608
7609
7612
7613
7619
7620
7621
7622
7623
7624
7626
7627
7629
7631
7635
7640
7641
7642
7643
7644
7645
7646
7648
7649
7654
7657
7661
7662
7665
7671
7675
7676
7677
7681
7682
7684
7685
7686
7687
7690
7691
7692
7694
7700
7702
7703
7705
7711
7712
7714
7715
7718
7721
7725
7729
7733
7734
7735
7739
7740
7742
7745
7751
7752
7753
7757
7760
7761
7763
7764
7766
7767
7769
7770
7772
7778
7780
7782
7786
7787
7790
7792
7795
7796
7798
7799
7800
7802
7805
7806
7808
7810
7812
7815
7817
7821
7822
7825
7826
7827
7832
7835
7837
7839
7840
7843
7853
7857
7866
7868
7869
7870
7872
7874
7875
7880
7881
7883
7887
7888
7889
7896
7898
7899
7900
7902
7904
7906
7907
7912
7913
7915
7916
7918
7923
7926
7927
7928
7930
7931
7934
7936
7940
7941
7947
7949
7951
7952
7954
7956
7958
7959
7960
7961
7964
7966
7967
7968
7970
7972
7973
7975
7978
7979
7984
7987
7989
7990
7991
7993
7994
7995
7998
8001
8002
8004
8005
8007
8009
8011
8013
8019
8023
8024
8026
8029
8034
8035
8036
8041
8042
8044
8045
8046
8051
8058
8059
8060
8061
8064
8065
8066
8067
8070
8071
8078
8080
8085
8087
8088
8090
8091
8092
8093
8095
8096
8097
8098
8103
8106
8107
8109
8110
8111
8112
8113
8118
8120
8121
8125
8128
8129
8130
8136
8137
8138
8141
8142
8147
8148
8150
8153
8157
8160
8161
8163
8164
8166
8170
8171
8172
8174
8175
8180
8182
8185
8195
8196
8197
8199
8200
8201
8203
8204
8205
8207
8209
8210
8212
8213
8214
8215
8216
8217
8220
8221
8223
8224
8227
8228
8232
8233
8234
8235
8238
8239
8241
8242
8245
8246
8248
8249
8251
8252
8255
8258
8259
8260
8261
8264
8265
8266
8268
8270
8272
8273
8282
8283
8284
8290
8298
8299
8300
8302
8303
8304
8308
8309
8312
8313
8320
8324
8325
8326
8327
8329
8330
8331
8334
8336
8339
8340
8341
8342
8344
8345
8348
8349
8350
8354
8359
8361
8362
8367
8381
8389
8390
8394
8395
8398
8401
8403
8405
8410
8411
8412
8413
8418
8419
8430
8441
8445
8453
8457
8460
8461
8465
8469
8472
8476
8483
8484
8490
8498
8499
8507
8511
8513
8516
8520
8524
8526
8534
8537
8540
8543
8545
8546
8550
8551
8555
8558
8559
8560
8561
8566
8567
8568
8573
8574
8575
8582
8584
8588
8592
8593
8596
8599
8602
8603
8609
8611
8613
8619
8623
8624
8627
8628
8629
8630
8633
8637
8638
8640
8641
8644
8647
8649
8650
8652
8655
8659
8663
8666
8669
8670
8671
8674
8675
8678
8683
8692
8694
8696
8699
8703
8705
8710
8726
8729
8733
8734
8736
8738
8740
8743
8744
8745
8748
8750
8751
8752
8753
8754
8755
8756
8757
8760
8761
8768
8769
8770
8771
8774
8775
8778
8780
8786
8787
8795
8796
8797
8799
8800
8802
8805
8807
8811
8813
8814
8818
8819
8822
8823
8829
8831
8840
8841
8842
8844
8845
8846
8848
8849
8851
8853
8854
8855
8858
8861
8862
8863
8864
8866
8876
8878
8881
8882
8886
8888
8890
8892
8893
8898
8899
8900
8903
8904
8905
8906
8908
8914
8915
8916
8918
8919
8920
8921
8924
8925
8926
8927
8933
8939
8942
8945
8947
8948
8951
8953
8954
8956
8957
8959
8960
8961
8962
8964
8971
8973
8976
8979
8980
8981
8991
8993
8997
8998
9000
9001
9005
9006
9007
9009
9010
9013
9021
9022
9024
9025
9026
9027
9028
9030
9031
9034
9038
9040
9042
9046
9048
9051
9052
9055
9056
9057
9059
9062
9063
9065
9067
9068
9070
9072
9073
9075
9076
9078
9079
9080
9081
9082
9084
9085
9098
9099
9103
9104
9105
9106
9107
9108
9109
9110
9111
9114
9115
9121
9123
9127
9128
9130
9133
9135
9136
9137
9139
9140
9143
9146
9149
9151
9152
9153
9154
9156
9161
9162
9163
9164
9165
9167
9169
9170
9172
9176
9177
9180
9182
9183
9184
9186
9187
9190
9193
9194
9195
9197
9198
9205
9207
9208
9214
9217
9220
9221
9222
9226
9231
9232
9233
9238
9242
9243
9245
9246
9247
9250
9251
9252
9254
9255
9257
9261
9262
9264
9271
9274
9277
9279
9283
9284
9285
9287
9288
9289
9294
9299
9300
9302
9305
9306
9307
9310
9312
9313
9314
9317
9320
9321
9322
9323
9328
9333
9334
9343
9346
9347
9350
9351
9352
9354
9355
9356
9362
9367
9369
9370
9371
9373
9375
9377
9378
9382
9384
9388
9389
9390
9391
9394
9395
9396
9398
9399
9401
9405
9410
9414
9416
9417
9426
9427
9428
9430
9431
9436
9438
9439
9440
9443
9444
9446
9447
9448
9452
9453
9454
9456
9468
9470
9472
9473
9474
9479
9481
9482
9484
9487
9488
9489
9490
9492
9493
9494
9497
9500
9502
9503
9505
9506
9507
9508
9510
9514
9515
9516
9525
9529
9533
9535
9538
9539
9541
9542
9546
9547
9552
9554
9555
9557
9559
9560
9563
9564
9566
9569
9571
9574
9577
9578
9583
9584
9586
9590
9591
9593
9594
9595
9598
9599
9601
9604
9609
9617
9618
9620
9624
9630
9631
9634
9635
9636
9637
9638
9639
9641
9642
9644
9645
9647
9648
9649
9657
9660
9665
9666
9667
9668
9670
9671
9672
9673
9674
9681
9682
9684
9686
9687
9688
9702
9708
9712
9713
9717
9720
9721
9731
9732
9734
9738
9740
9741
9744
9751
9754
9756
9757
9758
9759
9764
9768
9771
9773
9776
9783
9786
9787
9788
9789
9790
9791
9794
9795
9796
9797
9800
9805
9806
9808
9810
9813
9814
9816
9820
9821
9824
9828
9831
9832
9833
9834
9836
9838
9840
9842
9843
9846
9851
9852
9854
9855
9858
9859
9863
9868
9870
9871
9874
9876
9880
9881
9882
9884
9886
9888
9890
9892
9894
9899
9901
9902
9908
9910
9913
9914
9917
9918
9919
9920
9921
9922
9923
9924
9927
9928
9930
9932
9934
9935
9936
9937
9938
9939
9940
9941
9942
9946
9947
9948
9950
9954
9956
9957
9959
9960
9963
9969
9971
9973
9975
9977
9978
9979
9980
9981
9982
9985
9988
9993
9994
9996
9997
9999
10000
10001
10002
10004
10005
10006
10007
10009
10010
10011
10013
10014
10015
10017
10018
10021
10027
10029
10032
10034
10036
10038
10040
10042
10043
10047
10048
10049
10051
10052
10056
10057
10058
10062
10063
10067
10069
10070
10071
10075
10078
10079
10081
10083
10086
10089
10090
10092
10093
10099
10104
10105
10109
10112
10113
10115
10116
10119
10122
10123
10124
10125
10126
10128
10131
10133
10134
10136
10142
10144
10145
10146
10148
10149
10152
10153
10157
10159
10162
10163
10164
10165
10166
10173
10177
10182
10187
10190
10191
10193
10195
10198
10199
10206
10207
10208
10211
10213
10215
10216
10217
10218
10219
10222
10226
10228
10232
10233
10236
10240
10241
10242
10245
10246
10249
10254
10255
10256
10263
10265
10267
10273
10274
10275
10277
10278
10281
10282
10283
10285
10286
10287
10294
10296
10297
10299
10300
10302
10304
10306
10310
10317
10319
10321
10322
10323
10330
10332
10333
10336
10337
10338
10340
10343
10344
10346
10347
10351
10352
10353
10356
10358
10359
10360
10364
10365
10366
10368
10369
10371
10373
10375
10379
10383
10384
10386
10389
10390
10392
10394
10395
10397
10403
10405
10406
10407
10408
10411
10412
10413
10414
10416
10418
10419
10420
10424
10425
10426
10427
10429
10431
10433
10442
10447
10448
10450
10451
10452
10453
10454
10456
10458
10460
10462
10463
10465
10467
10481
10482
10483
10486
10489
10492
10494
10496
10497
10498
10501
10504
10505
10506
10510
10515
10516
10518
10520
10521
10522
10525
10528
10530
10531
10532
10533
10536
10537
10539
10541
10543
10545
10546
10548
10552
10553
10556
10560
10561
10563
10565
10568
10569
10571
10577
10580
10581
10582
10585
10587
10594
10596
10598
10600
10602
10604
10606
10607
10608
10610
10616
10618
10620
10622
10625
10626
10628
10632
10634
10635
10636
10638
10639
10641
10644
10646
10648
10652
10653
10654
10656
10657
10663
10664
10667
10670
10673
10674
10676
10677
10678
10679
10680
10682
10684
10685
10686
10691
10692
10693
10695
10697
10701
10702
10706
10708
10712
10713
10715
10716
10719
10722
10723
10725
10726
10727
10733
10734
10738
10739
10742
10744
10748
10749
10754
10756
10758
10759
10760
10761
10762
10764
10765
10769
10770
10771
10773
10774
10775
10777
10779
10780
10781
10782
10783
10787
10788
10792
10793
10794
10795
10798
10800
10801
10802
10803
10805
10806
10807
10808
10809
10811
10816
10817
10823
10825
10826
10830
10831
10832
10834
10835
10837
10838
10846
10849
10850
10852
10853
10854
10856
10859
10862
10869
10876
10883
10888
10889
10894
10896
10898
10899
10900
10902
10903
10904
10906
10907
10908
10909
10912
10913
10914
10918
10919
10920
10921
10922
10924
10925
10926
10928
10929
10933
10934
10935
10936
10939
10942
10943
10945
10949
10951
10952
10953
10957
10958
10964
10965
10967
10969
10971
10973
10976
10977
10979
10985
10988
10989
10990
10991
10994
10996
10997
10999
11000
11001
11002
11004
11006
11010
11012
11013
11018
11021
11025
11028
11029
11030
11031
11033
11034
11035
11037
11041
11043
11045
11055
11056
11060
11062
11063
11065
11066
11067
11068
11070
11071
11073
11074
11075
11077
11084
11085
11086
11087
11088
11089
11090
11091
11097
11098
11100
11104
11105
11107
11110
11115
11117
11118
11119
11120
11122
11123
11124
11125
11126
11133
11135
11138
11140
11143
11147
11150
11155
11170
11172
11175
11180
11182
11183
11189
11190
11193
11196
11202
11206
11207
11210
11211
11217
11221
11223
11229
11231
11232
11235
11237
11238
11242
11243
11245
11246
11249
11250
11251
11256
11258
11266
11270
11271
11274
11281
11285
11289
11293
11296
11297
11304
11306
11307
11308
11311
11313
11314
11317
11323
11325
11329
11331
11336
11338
11339
11340
11341
11342
11343
11344
11346
11347
11348
11353
11355
11360
11361
11364
11365
11377
11378
11380
11381
11382
11384
11386
11387
11391
11392
11395
11396
11398
11401
11403
11406
11413
11414
11415
11418
11419
11420
11421
11423
11424
11425
11426
11433
11438
11440
11444
11446
11447
11448
11449
11458
11459
11462
11463
11466
11469
11470
11471
11472
11473
11474
11477
11478
11479
11480
11481
11483
11489
11491
11492
11493
11498
11499
11502
11504
11506
11508
11510
11514
11519
11520
11522
11524
11525
11527
11530
11531
11535
11543
11548
11550
11551
11552
11554
11557
11559
11561
11563
11564
11566
11570
11573
11574
11575
11584
11586
11587
11588
11589
11590
11592
11595
11596
11597
11598
11602
11604
11607
11611
11613
11619
11624
11625
11629
11631
11633
11638
11639
11640
11641
11643
11644
11646
11647
11650
11651
11652
11657
11662
11668
11671
11672
11673
11677
11679
11681
11685
11690
11695
11697
11698
11699
11703
11706
11707
11710
11713
11716
11720
11722
11724
11725
11726
11730
11732
11734
11736
11737
11739
11740
11747
11748
11751
11753
11754
11757
11758
11759
11761
11764
11765
11766
11767
11769
11771
11772
11773
11774
11776
11779
11780
11782
11786
11788
11791
11793
11795
11796
11802
11805
11807
11808
11810
11813
11814
11815
11816
11817
11818
11821
11824
11825
11826
11833
11841
11842
11846
11849
11850
11851
11854
11855
11858
11862
11865
11866
11867
11871
11874
11875
11877
11878
11879
11880
11883
11884
11885
11887
11890
11891
11893
11896
11899
11900
11901
11903
11906
11907
11908
11910
11912
11914
11916
11917
11918
11926
11928
11932
11936
11939
11940
11941
11942
11943
11947
11956
11958
11960
11962
11964
11965
11971
11975
11976
11978
11983
11984
11986
11989
11992
11993
11998
12002
12006
12007
12010
12011
12015
12016
12019
12020
12021
12024
12025
12026
12027
12028
12029
12030
12031
12032
12035
12044
12048
12049
12056
12057
12060
12061
12063
12065
12066
12069
12070
12071
12074
12077
12078
12080
12081
12082
12085
12091
12095
12097
12100
12102
12104
12105
12110
12112
12113
12115
12116
12118
12119
12121
12124
12128
12130
12131
12134
12135
12136
12137
12138
12143
12144
12148
12149
12154
12155
12157
12158
12161
12164
12165
12166
12173
12178
12182
12183
12184
12185
12186
12188
12189
12190
12191
12195
12198
12199
12201
12202
12203
12204
12205
12207
12209
12210
12212
12215
12216
12217
12218
12219
12224
12225
12226
12227
12229
12230
12231
12232
12233
12239
12240
12242
12243
12244
12246
12247
12251
12252
12256
12257
12259
12265
12266
12267
12272
12274
12275
12276
12278
12279
12280
12282
12284
12286
12287
12290
12293
12294
12295
12298
12299
12301
12302
12308
12311
12312
12313
12314
12315
12322
12328
12336
12338
12346
12347
12351
12353
12355
12359
12362
12363
12365
12366
12372
12377
12378
12383
12384
12386
12387
12390
12392
12395
12404
12405
12406
12416
12420
12422
12429
12430
12433
12434
12436
12438
12440
12441
12442
12443
12445
12446
12447
12449
12450
12454
12460
12461
12462
12463
12464
12465
12466
12468
12471
12472
12473
12474
12475
12477
12478
12482
12485
12486
12488
12495
12496
12500
12507
12508
12509
12510
12512
12513
12520
12523
12524
12526
12534
12536
12537
12538
12539
12545
12548
12550
12557
12559
12561
12563
12572
12576
12577
12580
12583
12587
12588
12590
12591
12593
12595
12609
12615
12619
12622
12625
12627
12628
12629
12633
12634
12635
12637
12638
12639
12642
12643
12645
12646
12656
12658
12661
12662
12663
12667
12668
12670
12671
12672
12673
12674
12678
12679
12682
12685
12691
12692
12695
12700
12701
12702
12703
12704
12705
12714
12717
12725
12727
12732
12734
12735
12736
12737
12738
12740
12745
12752
12753
12755
12756
12757
12759
12760
12761
12766
12770
12773
12775
12778
12780
12782
12783
12785
12788
12790
12798
12809
12813
12814
12816
12819
12820
12821
12824
12825
12826
12827
12829
12832
12838
12839
12843
12844
12847
12849
12852
12854
12855
12857
12860
12861
12862
12864
12865
12867
12871
12872
12879
12883
12884
12885
12889
12891
12892
12893
12895
12897
12898
12899
12900
12903
12906
12907
12909
12919
12920
12921
12923
12926
12932
12935
12942
12949
12953
12955
12957
12958
12965
12968
12973
12974
12975
12980
12981
12983
12985
12986
12990
12993
12997
12998
13000
13002
13003
13004
13006
13010
13011
13012
13013
13014
13015
13017
13019
13020
13021
13022
13023
13030
13033
13034
13036
13037
13038
13042
13043
13048
13049
13050
13051
13055
13056
13058
13061
13064
13065
13072
13073
13074
13076
13077
13082
13083
13084
13086
13088
13089
13090
13091
13094
13095
13096
13098
13103
13104
13106
13107
13108
13111
13112
13113
13117
13121
13122
13127
13128
13129
13130
13131
13133
13136
13137
13142
13145
13146
13153
13155
13159
13162
13163
13164
13167
13169
13172
13177
13188
13192
13196
13197
13201
13203
13205
13206
13215
13217
13220
13222
13223
13225
13227
13230
13235
13244
13246
13248
13250
13254
13255
13256
13257
13260
13262
13263
13264
13268
13274
13278
13281
13283
13288
13292
13295
13296
13300
13303
13307
13308
13310
13312
13314
13316
13320
13322
13325
13328
13330
13332
13335
13338
13342
13343
13344
13345
13347
13348
13355
13356
13357
13358
13359
13361
13363
13367
13368
13370
13372
13373
13375
13376
13379
13380
13382
13387
13394
13395
13396
13397
13401
13407
13410
13412
13414
13416
13417
13418
13419
13421
13424
13425
13426
13427
13428
13433
13434
13436
13437
13440
13441
13452
13453
13456
13457
13458
13459
13460
13463
13468
13469
13471
13472
13475
13476
13477
13479
13480
13481
13482
13483
13486
13487
13493
13495
13497
13498
13500
13503
13504
13505
13509
13511
13512
13513
13516
13519
13522
13523
13525
13528
13530
13532
13533
13537
13540
13542
13546
13551
13560
13561
13563
13564
13565
13566
13573
13574
13576
13579
13580
13583
13584
13586
13587
13588
13594
13595
13597
13600
13601
13602
13604
13607
13608
13610
13612
13615
13617
13620
13628
13630
13633
13634
13635
13636
13637
13640
13644
13645
13646
13653
13655
13656
13661
13663
13665
13668
13669
13670
13671
13672
13674
13675
13676
13678
13679
13685
13686
13688
13689
13690
13692
13693
13696
13697
13699
13703
13704
13706
13707
13708
13709
13711
13712
13713
13714
13715
13718
13721
13722
13731
13733
13734
13735
13741
13744
13747
13750
13751
13752
13753
13755
13756
13759
13760
13764
13765
13766
13768
13769
13770
13771
13773
13775
13776
13779
13781
13785
13791
13792
13793
13797
13807
13814
13817
13818
13833
13834
13842
13846
13848
13854
13855
13859
13862
13870
13873
13874
13878
13884
13887
13891
13893
13895
13898
13899
13902
13907
13910
13914
13917
13919
13923
13924
13926
13931
13932
13938
13939
13941
13942
13944
13946
13947
13950
13951
13952
13959
13960
13961
13963
13964
13965
13970
13973
13979
13984
13985
13987
13988
13993
13996
13999
14001
14004
14005
14007
14009
14010
14012
14015
14017
14019
14021
14022
14025
14026
14032
14034
14035
14037
14040
14048
14051
14052
14054
14056
14058
14060
14062
14065
14067
14072
14073
14074
14075
14081
14082
14083
14084
14085
14090
14096
14097
14101
14103
14106
14107
14110
14113
14116
14117
14120
14121
14122
14124
14129
14131
14133
14143
14147
14148
14150
14151
14154
14158
14159
14161
14163
14170
14171
14173
14174
14176
14180
14183
14184
14185
14186
14187
14188
14189
14191
14199
14200
14201
14203
14204
14206
14207
14208
14210
14212
14214
14217
14218
14219
14222
14223
14224
14225
14226
14229
14231
14232
14236
14239
14240
14242
14243
14246
14249
14250
14254
14256
14257
14259
14263
14268
14270
14273
14276
14278
14280
14281
14284
14287
14288
14296
14297
14300
14301
14303
14307
14308
14309
14311
14314
14316
14318
14319
14321
14323
14325
14326
14327
14328
14329
14331
14334
14337
14338
14340
14342
14346
14348
14349
14352
14353
14354
14355
14356
14357
14358
14363
14365
14369
14371
14376
14377
14379
14382
14383
14388
14390
14393
14394
14395
14400
14402
14404
14409
14411
14412
14414
14416
14417
14419
14420
14422
14424
14425
14433
14435
14437
14438
14440
14441
14444
14446
14450
14456
14458
14459
14464
14474
14475
14484
14486
14488
14492
14493
14494
14496
14497
14499
14500
14501
14509
14512
14513
14515
14520
14521
14522
14523
14524
14525
14526
14528
14529
14533
14537
14538
14539
14544
14546
14548
14551
14552
14553
14558
14562
14564
14567
14568
14569
14580
14581
14584
14585
14586
14587
14591
14597
14598
14599
14600
14603
14606
14608
14609
14612
14614
14620
14622
14623
14624
14625
14626
14627
14631
14633
14634
14635
14636
14637
14639
14644
14646
14647
14651
14652
14655
14656
14658
14663
14664
14665
14667
14669
14670
14675
14678
14681
14682
14686
14688
14689
14692
14694
14695
14696
14698
14699
14700
14701
14705
14708
14709
14710
14711
14715
14720
14721
14729
14730
14731
14732
14735
14736
14738
14739
14740
14743
14746
14748
14750
14752
14754
14755
14756
14757
14760
14765
14770
14772
14774
14775
14784
14785
14788
14790
14791
14793
14794
14798
14799
14802
14803
14811
14814
14816
14820
14824
14831
14832
14833
14834
14835
14836
14839
14844
14845
14846
14848
14850
14851
14852
14854
14855
14859
14869
14874
14875
14878
14880
14882
14886
14887
14895
14896
14897
14899
14901
14903
14906
14909
14910
14911
14913
14916
14918
14921
14923
14924
14926
14928
14932
14933
14937
14938
14940
14944
14945
14946
14950
14952
14954
14955
14957
14963
14964
14966
14970
14971
14972
14973
14974
14975
14981
14982
14987
14989
14991
14992
14994
14996
14998
15001
15002
15011
15012
15016
15017
15018
15025
15029
15031
15033
15039
15044
15045
15046
15048
15050
15052
15054
15055
15058
15059
15061
15062
15063
15065
15067
15070
15073
15074
15076
15078
15079
15080
15081
15082
15087
15089
15090
15092
15093
15094
15098
15101
15105
15106
15108
15109
15110
15111
15112
15116
15122
15123
15124
15125
15127
15128
15131
15132
15134
15135
15137
15141
15143
15144
15145
15147
15149
15152
15153
15157
15158
15159
15160
15161
15164
15165
15167
15171
15177
15183
15186
15190
15191
15192
15193
15195
15200
15201
15202
15204
15207
15211
15212
15215
15216
15217
15219
15221
15222
15225
15227
15231
15233
15239
15242
15243
15246
15247
15248
15250
15252
15253
15254
15260
15261
15262
15270
15272
15275
15276
15280
15284
15285
15286
15290
15291
15295
15297
15298
15305
15307
15309
15310
15311
15315
15317
15319
15321
15325
15331
15334
15336
15338
15339
15341
15343
15348
15355
15356
15358
15359
15362
15363
15367
15369
15370
15371
15373
15377
15378
15384
15388
15392
15400
15404
15408
15410
15411
15412
15413
15415
15416
15417
15422
15426
15428
15429
15430
15432
15434
15435
15438
15439
15440
15443
15446
15449
15451
15456
15457
15458
15459
15460
15465
15467
15468
15469
15473
15474
15475
15476
15477
15478
15485
15486
15490
15494
15502
15506
15507
15508
15510
15511
15512
15513
15516
15519
15522
15525
15527
15530
15532
15537
15540
15544
15545
15546
15547
15549
15550
15552
15553
15554
15555
15557
15560
15561
15563
15565
15567
15568
15571
15575
15576
15579
15581
15583
15585
15586
15589
15590
15591
15592
15595
15599
15605
15607
15611
15612
15613
15617
15621
15622
15625
15629
15633
15637
15642
15643
15644
15647
15648
15652
15654
15655
15660
15667
15671
15673
15674
15676
15682
15684
15689
15690
15691
15696
15697
15698
15699
15701
15702
15703
15705
15707
15708
15709
15712
15714
15715
15716
15717
15718
15719
15721
15722
15723
15725
15726
15729
15731
15732
15733
15742
15745
15749
15750
15754
15760
15762
15763
15768
15770
15772
15773
15784
15785
15789
15791
15792
15793
15796
15797
15802
15804
15807
15808
15810
15811
15813
15816
15817
15821
15822
15823
15825
15826
15830
15831
15832
15833
15836
15838
15846
15850
15851
15853
15855
15856
15859
15860
15868
15870
15871
15873
15875
15876
15880
15881
15882
15884
15889
15890
15892
15893
15894
15895
15899
15900
15903
15905
15909
15912
15913
15914
15915
15916
15919
15926
15927
15928
15932
15933
15936
15937
15940
15944
15945
15946
15947
15950
15951
15957
15958
15959
15963
15966
15970
15971
15973
15977
15978
15981
15983
15986
15993
15994
15996
15999
16004
16005
16008
16010
16011
16012
16013
16014
16016
16018
16019
16023
16025
16037
16042
16043
16046
16048
16051
16052
16053
16054
16055
16057
16059
16060
16066
16067
16068
16069
16070
16071
16073
16077
16078
16079
16082
16083
16087
16088
16089
16090
16091
16093
16096
16103
16106
16109
16112
16115
16122
16125
16127
16131
16132
16135
16138
16139
16140
16142
16145
16147
16150
16152
16157
16158
16159
16162
16163
16165
16169
16172
16173
16175
16177
16182
16183
16186
16189
16192
16194
16196
16201
16205
16211
16213
16217
16219
16224
16225
16226
16227
16229
16231
16239
16240
16246
16247
16250
16251
16256
16257
16260
16261
16262
16264
16265
16266
16267
16268
16270
16271
16272
16273
16274
16277
16281
16282
16283
16286
16288
16291
16293
16298
16313
16314
16317
16318
16319
16321
16323
16327
16328
16329
16330
16336
16337
16342
16343
16347
16348
16349
16350
16353
16354
16358
16359
16360
16361
16365
16366
16379
16380
16382
16383
16389
16391
16392
16393
16395
16397
16401
16405
16407
16408
16409
16410
16414
16418
16421
16422
16424
16425
16428
16429
16431
16432
16433
16436
16437
16438
16439
16440
16442
16444
16445
16446
16448
16449
16450
16455
16458
16459
16464
16470
16471
16475
16476
16477
16479
16487
16488
16489
16491
16492
16493
16499
16501
16502
16504
16505
16509
16511
16515
16518
16523
16524
16525
16529
16531
16532
16537
16541
16545
16546
16547
16551
16554
16555
16556
16558
16564
16568
16569
16571
16572
16573
16574
16577
16578
16579
16582
16589
16590
16592
16599
16601
16602
16604
16606
16611
16612
16615
16617
16618
16619
16620
16621
16622
16623
16626
16627
16629
16630
16631
16632
16633
16637
16640
16641
16643
16644
16648
16649
16650
16651
16654
16655
16657
16658
16659
16660
16664
16667
16669
16673
16674
16675
16679
16681
16682
16684
16686
16687
16691
16692
16694
16698
16702
16703
16706
16709
16710
16712
16714
16716
16718
16721
16723
16726
16728
16732
16736
16742
16743
16744
16745
16747
16748
16752
16754
16755
16759
16761
16764
16765
16770
16771
16772
16773
16775
16777
16779
16780
16783
16790
16797
16800
16805
16807
16809
16810
16812
16817
16820
16821
16822
16825
16826
16827
16828
16832
16834
16836
16837
16842
16844
16845
16847
16850
16851
16852
16855
16856
16859
16863
16864
16865
16866
16867
16868
16869
16872
16873
16875
16878
16879
16881
16882
16894
16895
16896
16897
16899
16900
16904
16905
16906
16907
16913
16914
16920
16922
16923
16925
16927
16929
16931
16937
16938
16944
16945
16950
16951
16952
16964
16967
16973
16975
16978
16979
16983
16985
16986
16987
16991
16994
16997
17002
17003
17006
17011
17018
17021
17022
17024
17025
17028
17029
17030
17031
17032
17035
17038
17040
17042
17048
17050
17052
17056
17057
17059
17062
17063
17064
17065
17066
17068
17069
17071
17077
17078
17079
17080
17081
17082
17083
17086
17094
17095
17097
17099
17102
17103
17108
17110
17111
17114
17117
17119
17122
17123
17124
17125
17127
17129
17132
17134
17137
17138
17140
17142
17145
17147
17148
17149
17152
17153
17154
17157
17161
17165
17167
17170
17171
17176
17179
17180
17181
17184
17185
17188
17192
17193
17194
17195
17197
17199
17203
17208
17214
17216
17217
17219
17220
17223
17226
17230
17231
17235
17236
17239
17241
17242
17244
17248
17255
17256
17258
17259
17260
17261
17264
17265
17267
17268
17273
17274
17276
17277
17278
17281
17282
17283
17284
17290
17298
17299
17305
17306
17307
17309
17310
17311
17315
17317
17320
17327
17330
17333
17334
17336
17338
17339
17340
17345
17346
17348
17349
17354
17361
17368
17371
17373
17377
17378
17379
17380
17381
17384
17388
17390
17391
17393
17396
17399
17402
17404
17407
17409
17413
17414
17416
17417
17420
17424
17426
17427
17434
17435
17437
17443
17447
17449
17450
17451
17452
17455
17462
17463
17471
17472
17473
17474
17475
17476
17480
17486
17487
17490
17493
17499
17501
17503
17506
17507
17508
17511
17512
17513
17516
17518
17520
17521
17524
17525
17526
17529
17531
17535
17536
17539
17544
17553
17554
17558
17560
17567
17568
17569
17575
17576
17581
17582
17584
17585
17587
17594
17595
17600
17606
17608
17609
17611
17614
17616
17619
17620
17623
17624
17625
17626
17627
17629
17630
17632
17633
17637
17639
17640
17641
17642
17644
17646
17648
17650
17653
17654
17667
17668
17677
17679
17681
17688
17691
17692
17693
17695
17697
17699
17700
17701
17709
17712
17713
17718
17725
17726
17732
17736
17742
17744
17745
17748
17749
17750
17752
17759
17762
17763
17767
17771
17774
17775
17776
17778
17785
17787
17788
17789
17791
17794
17796
17798
17802
17803
17804
17809
17811
17812
17813
17814
17815
17817
17819
17821
17822
17824
17828
17829
17830
17833
17838
17840
17842
17843
17844
17850
17851
17855
17858
17860
17861
17863
17865
17866
17868
17870
17872
17873
17874
17877
17882
17889
17892
17894
17898
17899
17900
17902
17904
17907
17909
17910
17912
17913
17915
17922
17924
17926
17930
17933
17934
17935
17936
17938
17940
17941
17942
17943
17945
17946
17950
17951
17952
17956
17959
17960
17961
17964
17965
17966
17967
17976
17977
17979
17980
17981
17987
17988
17990
17992
17993
17994
17995
17999
18003
18005
18007
18010
18012
18013
18015
18016
18019
18020
18021
18022
18024
18029
18031
18032
18035
18039
18040
18043
18044
18045
18047
18048
18050
18052
18054
18056
18058
18059
18061
18063
18064
18067
18068
18069
18072
18074
18077
18079
18080
18081
18083
18084
18088
18089
18094
18097
18098
18099
18100
18101
18102
18103
18105
18110
18113
18114
18117
18118
18120
18127
18128
18129
18132
18140
18141
18143
18147
18148
18151
18152
18154
18155
18156
18159
18164
18165
18168
18177
18179
18180
18185
18186
18192
18194
18196
18198
18199
18200
18201
18202
18204
18205
18206
18207
18210
18214
18218
18223
18228
18229
18230
18231
18235
18236
18238
18240
18242
18244
18245
18246
18247
18251
18252
18256
18257
18258
18260
18261
18262
18265
18267
18271
18272
18273
18275
18276
18280
18282
18284
18285
18289
18290
18291
18294
18301
18303
18305
18306
18313
18318
18320
18322
18324
18326
18329
18332
18334
18335
18336
18337
18338
18339
18341
18342
18345
18346
18348
18349
18350
18352
18353
18359
18365
18366
18368
18370
18371
18372
18375
18378
18381
18382
18383
18387
18389
18390
18391
18395
18399
18402
18407
18408
18410
18412
18413
18414
18415
18416
18417
18418
18420
18424
18428
18429
18430
18432
18435
18442
18443
18444
18450
18454
18457
18461
18462
18467
18472
18477
18479
18481
18483
18485
18486
18493
18499
18501
18505
18507
18508
18509
18510
18511
18516
18517
18518
18520
18524
18525
18526
18527
18533
18534
18535
18537
18539
18540
18541
18543
18546
18548
18550
18556
18558
18559
18561
18564
18568
18569
18570
18574
18575
18578
18579
18581
18583
18585
18586
18589
18592
18594
18597
18598
18602
18603
18605
18609
18611
18613
18614
18616
18619
18623
18630
18631
18632
18634
18635
18636
18639
18640
18644
18645
18646
18647
18648
18652
18653
18656
18659
18661
18663
18666
18674
18676
18678
18680
18684
18685
18687
18688
18692
18696
18699
18705
18706
18707
18708
18709
18710
18711
18719
18724
18728
18730
18731
18732
18733
18734
18735
18741
18745
18746
18747
18748
18749
18751
18753
18754
18755
18759
18760
18761
18763
18768
18770
18774
18776
18778
18782
18783
18784
18789
18793
18796
18800
18805
18806
18807
18813
18816
18817
18819
18821
18824
18826
18833
18836
18837
18839
18841
18842
18843
18849
18851
18853
18856
18857
18865
18866
18873
18874
18878
18880
18882
18886
18887
18888
18891
18892
18894
18900
18904
18908
18911
18912
18913
18916
18920
18922
18924
18925
18926
18927
18930
18932
18933
18935
18936
18941
18942
18944
18950
18954
18955
18956
18960
18965
18969
18970
18972
18973
18977
18981
18983
18984
18985
18988
18991
18993
19000
19002
19008
19009
19013
19014
19020
19022
19024
19026
19029
19032
19035
19039
19043
19045
19048
19053
19055
19056
19064
19066
19070
19073
19075
19077
19078
19080
19082
19086
19089
19090
19092
19097
19099
19100
19102
19108
19112
19114
19115
19117
19119
19120
19122
19124
19128
19129
19130
19133
19137
19138
19140
19143
19144
19145
19148
19151
19154
19155
19156
19158
19162
19165
19166
19171
19172
19173
19178
19185
19188
19190
19195
19196
19197
19198
19203
19204
19206
19207
19208
19209
19218
19222
19223
19227
19230
19234
19244
19245
19246
19251
19254
19260
19262
19268
19274
19275
19276
19277
19280
19281
19282
19284
19285
19287
19288
19295
19296
19297
19298
19299
19301
19302
19305
19311
19312
19313
19314
19317
19319
19320
19321
19323
19324
19326
19327
19338
19340
19342
19343
19344
19345
